wave,flux,sigma
3300.0000000000005,0.0016321604722577623,0.0035657409007505926
3311.0318870238752,0.002036498891839275,0.0034729873866631376
3322.1006535769357,0.006964275911594623,0.003329566995602419
3333.2064229988164,0.00143236913233459,0.003193948055387886
3344.349318964206,0.008600050646687934,0.003048899201739275
3355.52946558699,0.006671438376160264,0.0029584764348636544
3366.7469873959726,0.002019496789034848,0.002885711554522189
3378.0020093362546,0.005141277302426516,0.0027760678076437814
3389.2946567706267,0.00592767353950405,0.0027779008851967534
3400.6250554809667,0.012115629116371762,0.0027376510866092985
3411.9933316696415,0.010896894236768576,0.002637933400386754
3423.3996119609133,0.005221697118764607,0.002640718164467498
3434.844023402349,0.006024495758761302,0.0025344730550729234
3446.3266934662315,0.008336649809768122,0.002384925094813362
3457.847750050986,0.0076451055111601595,0.0023481695630616474
3469.4073214825994,0.009787898732975512,0.0024104900924820654
3481.0055365160556,0.011864481468921464,0.002454326775226588
3492.6425243367635,0.007071926149860909,0.0023567224039450834
3504.318414561997,0.005625215215922145,0.002221144558392629
3516.033337242342,0.007822229330163103,0.002122668698793913
3527.7874228631417,0.0053263780892814395,0.0020577800378941114
3539.5808023459526,0.0063119230028183615,0.002059537355326225
3551.4136070500026,0.010830145061466713,0.002069963454473943
3563.28596877365,0.007904547213577128,0.002100365127214117
3575.198019755855,0.011958027436383075,0.002070863022702862
3587.149892677652,0.013082463256711523,0.0020242669583352053
3599.1417206636297,0.017626793949000456,0.0019631085618862223
3611.173637283412,0.015790473304507405,0.0018974912704235423
3623.2457765531435,0.010545870761155195,0.0018754191661586406
3635.3582729369846,0.015053431716741445,0.0018645589736983013
3647.511261348607,0.01450090930078417,0.0018384286440888795
3659.7048771527016,0.01112011024318555,0.001790176605818914
3671.9392561664827,0.010107540845727625,0.0017352515657210609
3684.2145346612006,0.01198537009364218,0.0016828827781280818
3696.5308493636576,0.009553813736068976,0.0016668867698409883
3708.8883374577335,0.013705635176523102,0.0016658464832542271
3721.2871365859164,0.013352022596294411,0.0016334325196732287
3733.7273848508326,0.011552775433489941,0.0015650956214038276
3746.2092208167815,0.01267635016891629,0.00151384303592387
3758.7327835112833,0.007145313175049598,0.0015035246827340741
3771.298212426627,0.006956800863516203,0.001476669371247596
3783.9056475214256,0.003076522851593204,0.0014430530652875776
3796.555229222173,0.0039833964481500676,0.0014273422031870274
3809.247098424805,0.004240558317798429,0.0014186778602699862
3821.981396496276,0.0028599770677464583,0.0013732301277971871
3834.758265276125,0.004585587124379183,0.0013798860525085497
3847.577847078064,0.008728503335319413,0.0013723243276906275
3860.4402846915605,0.010252861950703202,0.0013680315611799016
3873.3457213834213,0.011487718222429347,0.0013784774112746909
3886.294300899397,0.010868610001895006,0.0013854807036045161
3899.2861674657775,0.016259571496977054,0.0014296993168036176
3912.3214657910025,0.01656815460335528,0.0014601234430139322
3925.4003410672735,0.018809126095673347,0.001409865547237676
3938.5229389721653,0.02105716062800924,0.0013561291278625794
3951.689405670252,0.017876856674859824,0.0013187345525879132
3964.8998878147377,0.01881611423512022,0.0012758170624843981
3978.154532549086,0.016819162047935828,0.0012796478084204552
3991.453487508664,0.016096246293894615,0.0012771548189855454
4004.796900822377,0.018306956799051668,0.0013043043276905486
4018.18492111433,0.016504166044113897,0.0013165421521726891
4031.617697505474,0.01743375541927858,0.001267134057313299
4045.0953796152735,0.019368702758422472,0.0012183257303334972
4058.618117563371,0.016766890151528113,0.0011955397809578553
4072.1860619712556,0.013793218361677517,0.0011715934055662063
4085.799363963945,0.01172096784652107,0.0011430616681798234
4099.458175171663,0.012731151067574895,0.0011094937002695314
4113.162647731542,0.011554848255732404,0.0010883320837026035
4126.912934289301,0.013850792614352365,0.0010829756467111145
4140.709188000954,0.01353429229403559,0.0010860703958443607
4154.551562534517,0.013111592293720687,0.0010791467953367383
4168.440212071713,0.012325495213899236,0.0010835959277082855
4182.3752913097,0.016196441524324822,0.0010837353354320278
4196.356955462785,0.013516730966395335,0.00106887191156034
4210.385360264156,0.013532843579416347,0.0010516096376702146
4224.460661967617,0.014609389888084317,0.0010469644704539961
4238.583017349324,0.014382472841261883,0.0010394340502083224
4252.752583709542,0.013249500752114122,0.00102431632476794
4266.969518874386,0.012569980843046637,0.001011097210532741
4281.233981197582,0.013064934758878401,0.0010047638852001067
4295.5461295622345,0.014945073677890795,0.0010055502670915663
4309.906123382591,0.014499794464964213,0.001019843910026851
4324.314122605823,0.016291713153578247,0.001031835025810179
4338.770287713807,0.0153855197956583,0.0010107547737964798
4353.274779724901,0.01374951480026844,0.0009892719210988568
4367.827760195754,0.015279985411144231,0.000995764027593702
4382.429391223097,0.017119162444292013,0.000997596481253432
4397.079835445547,0.015144908479041326,0.0009778178222348579
4411.779256045427,0.012410077561852235,0.0009580780446771869
4426.527816750571,0.011060997369835714,0.0009477177540061484
4441.32568183616,0.011684961710781885,0.0009386648048393336
4456.17301612654,0.011717214522581893,0.0009407373639341369
4471.06998499707,0.010386140265809543,0.0009327966348723668
4486.01675437596,0.012434574456034625,0.0009321531607401724
4501.013490746111,0.013426216183164294,0.0009380148192364686
4516.060361146975,0.01744131678570738,0.0009453744913391
4531.157533176423,0.0193958870620431,0.0009650123973166656
4546.3051749926035,0.023791886269225564,0.0009754776719572317
4561.503455315809,0.025392625642189737,0.000992768789651225
4576.752543430374,0.027799009243882122,0.001003556277932567
4592.052609186547,0.03129685002417551,0.0010130075663062619
4607.403823002376,0.03126041931138998,0.0010257078130405692
4622.8063558656295,0.036552900556756876,0.001033287764457078
4638.260379335682,0.038809347144779176,0.0010388642293988146
4653.766065545426,0.038796972644914635,0.0010543243592291986
4669.323587203196,0.038896819686074946,0.0010521096607176558
4684.933117594696,0.039068533318647014,0.0010298854702757146
4700.594830584916,0.03625846101973887,0.0010147968719077583
4716.308900620076,0.034271476984812116,0.0010023967874331424
4732.075502729573,0.030098996252170423,0.0009856626546646007
4747.894812527928,0.023175271794808053,0.000962811351197812
4763.767006216733,0.021042534163721628,0.000946565038607925
4779.692260586626,0.018468022667800288,0.0009354211207663482
4795.67075301926,0.016016128158428622,0.0009262276027368902
4811.702661489265,0.013250548818626137,0.0009182409919821153
4827.7881645662455,0.012882115711878306,0.0009250825931927018
4843.927441416762,0.01171618906273923,0.0009619793244596178
4860.120671806329,0.013792453771031873,0.0010184510184574288
4876.368036101411,0.013004202242711344,0.0010866964671807997
4892.669715271444,0.012578468159486666,0.001171887869535722
4909.025890890844,0.012308887528840422,0.0012843527972706769
4925.436745141022,0.015418929643476301,0.0014158454314214437
4941.902460812428,0.017694203070091778,0.0014786683175561919
4958.423221306581,0.014735687222057328,0.0014765267243151386
4974.999210638101,0.016201956932544677,0.0014737047044669452
4991.630613436779,0.013088574118422968,0.0014262036101625865
5008.317614949616,0.013187674697760155,0.0012580241271725329
5025.060401042893,0.013980770721436487,0.0012831220600330788
5041.8591582042445,0.012361061529225035,0.0012908208554817473
5058.71407354473,0.009134577653742253,0.0017609558188352906
5075.625334800925,0.012975247841909766,0.001425875320714977
5092.593130337,0.00874149459340122,0.0012387497023340186
5109.61764914683,0.009854567940086632,0.0011726554508384285
5126.699080856102,0.011707914581252608,0.0011509071762689181
5143.837615724411,0.013913975300687179,0.0011314503538301052
5161.033444647393,0.014625896948123301,0.0010895627868758764
5178.286759158847,0.01713816884932929,0.0010284580549933563
5195.59775143287,0.01671537632086679,0.0009494610459414008
5212.966614285993,0.016882674265851327,0.0008977822250729129
5230.393541179339,0.015539764067559175,0.0008558176731491965
5247.878726220767,0.016817815651935783,0.0008070855413483828
5265.4223641670305,0.016974663684426378,0.0007813834261522179
5283.024650425963,0.018174594099608667,0.000757722814071215
5300.685781058646,0.01627356710698892,0.0007340697611498786
5318.405952781588,0.018895960546581804,0.0007099414977401192
5336.185362968923,0.019295503564013255,0.0006871710690265759
5354.024209654601,0.01918248290205795,0.0006636364053688888
5371.922691534604,0.016637074215978903,0.0006399124263292604
5389.88100796915,0.017515144215785587,0.0006175980274613338
5407.899358984922,0.015523508842126717,0.0006015051012588853
5425.977945277293,0.014697426463685416,0.0005838756674319914
5444.116968212549,0.013925999941725054,0.000579062652241725
5462.316629830153,0.011571976371370363,0.0007730985083444852
5480.577132844979,0.01332596148846334,0.0007697194734778797
5498.89868064958,0.014641821092593633,0.0005595406360584063
5517.28147731645,0.012837809598317361,0.0005203105995907246
5535.725727600293,0.013491367926195052,0.0005000279417862239
5554.23163694031,0.01210557927464605,0.00048605519721616554
5572.79941146248,0.011652938885420006,0.000470627100782818
5591.429257981867,0.009289450036336626,0.0004473696097019049
5610.121384004915,0.007750550179253144,0.0004278261487505575
5628.875997731756,0.0057453449750017,0.0004129046560769047
5647.69330805854,0.005177291783845711,0.0003955785807912967
5666.573524579752,0.0045032806487918875,0.0003848228593592638
5685.516857590555,0.003675245091637379,0.0003738971635591281
5704.523518089128,0.0037597176201851043,0.00037532122051824024
5723.593717779009,0.0065977436070540595,0.00038002304255575477
5742.727669071467,0.007238293516590762,0.00038984749130887013
5761.925585087854,0.008948118528684396,0.0004439043587308149
5781.187679661996,0.010384844114764771,0.0004714029997417971
5800.5141673425605,0.013702603431638547,0.00044713616948088017
5819.905263395445,0.015651861389069967,0.0004277653016885896
5839.361183806187,0.019269072304528786,0.0004307819289237125
5858.882145282354,0.019854981222469606,0.0004234517275949983
5878.468365255977,0.020291375758761852,0.00041509780892760336
5898.12006188596,0.020399241996380345,0.00040736265873036624
5917.837454060502,0.018908079605613103,0.00039610567163296816
5937.620761399551,0.016736378138682194,0.0003780962100015045
5957.470204257241,0.0153915625457391,0.00036140770719845144
5977.386003724353,0.013539545097896474,0.0003464229405589207
5997.368381630775,0.011205098754879142,0.0003314049588060719
6017.417560547961,0.01000089291950701,0.0003228858639299089
6037.533763791432,0.00937071990288745,0.00031578046081314154
6057.717215423248,0.007799235454910878,0.0003094277237051056
6077.968140254503,0.009342114552475219,0.00030918148982418914
6098.286763847838,0.009441585677119385,0.00031039606181628197
6118.673312519953,0.008796701949971904,0.0003102386953178353
6139.128013344114,0.009207611537516994,0.000307655241876061
6159.651094152697,0.008414874126943382,0.0003525694116641671
6180.242783539723,0.009863031569843543,0.0004056165066398402
6200.903310863401,0.009098496748943589,0.0003520922193540285
6221.632906248681,0.009144766496910081,0.0003070650561584632
6242.431800589825,0.009540487513307555,0.000322055924993821
6263.300225552964,0.008984775539336196,0.0002927482757824999
6284.238413578695,0.007591365208817758,0.0002611367090312784
6305.246597884667,0.005528883415142707,0.00024758915053961126
6326.325012468166,0.004851877136201368,0.00024302710475376647
6347.4738921087355,0.004758226258289484,0.00024409567619746662
6368.693472370778,0.0056128256408989234,0.00024702173779485076
6389.9839896061985,0.005897665311100483,0.0002483546485315088
6411.345680957023,0.007797271747689982,0.00025353120392671653
6432.7787843580345,0.007552466065904142,0.0002606623390434888
6454.283538539437,0.009653548722035728,0.0002561000573056082
6475.860183029508,0.010605443482202093,0.0002490118100178538
6497.508958157264,0.010481743386148042,0.00024609036809650464
6519.230105055148,0.010198471845003436,0.00024378116698516744
6541.023865661702,0.009534075318065785,0.00023871809155855657
6562.890482724266,0.008298927615186264,0.00023005445238559957
6584.830199801685,0.0065913547539496785,0.00021993044997575231
6606.843261267024,0.0059639978067924085,0.00021203553504890857
6628.929912310285,0.004999107936784731,0.00020415653601897306
6651.0903989411345,0.0037939485393776924,0.00019636474298784554
6673.324967991654,0.0035242648337611613,0.00019348536186052938
6695.633867119077,0.0025916054598264324,0.00020756797662903605
6718.017344808559,0.00200612687610492,0.0002171399745045128
6740.475650375945,0.0027075552016961146,0.00022016241393896553
6763.009033970533,0.002230744057956641,0.0002085604040209424
6785.617746577873,0.002240469876143384,0.00020348269670451326
6808.302040022556,0.0018169976313780784,0.00020002644393484525
6831.062166971027,0.0029684889335577147,0.0001963343945660853
6853.898380934393,0.002592611209267438,0.00018767116201151443
6876.81093627124,0.0033790041887931874,0.00018302909156612943
6899.8000881904845,0.0035819581697023135,0.0001824802729282463
6922.866092754194,0.0038395134707954726,0.00018321709661781775
6946.0092068804615,0.0033997838572205567,0.0001806693488830297
6969.229688346255,0.00374401006522678,0.0001772030901580175
6992.52779579028,0.0038754402471920285,0.00017907280180353265
7015.903788715879,0.0034935462690190654,0.0001797139930466952
7039.357927493908,0.003502353868740083,0.00017917375715027558
7062.890473365647,0.004647097839945955,0.0001799964126754046
7086.501688445705,0.004175188548961466,0.00020810976538353205
7110.191835724931,0.004272887764227322,0.0002335831189868328
7133.961179073358,0.0050283667481804285,0.00023408862780798398
7157.809983243131,0.005137118017524083,0.00023140164785681288
7181.738513871466,0.005050938781776864,0.00022943216026082767
7205.747037483605,0.004894854165354414,0.00022704005277621327
7229.835821495773,0.005271792675461718,0.00021387740792657212
7254.005134218174,0.005736607851351195,0.00020520886137267405
7278.255244857964,0.005824632219144158,0.00019886850551376398
7302.586423522268,0.006093807869050364,0.00019185621846807256
7326.998941221176,0.004968785804851165,0.00019690082780734512
7351.493069870756,0.004912482181983949,0.00019097257873153963
7376.069082296098,0.00459142889053963,0.00019901422797149608
7400.727252234339,0.004883300212946339,0.00019580432367458735
7425.467854337722,0.004261077625474504,0.00019559145142853518
7450.291164176657,0.004353163499202317,0.0002702862746419142
7475.197458242774,0.005071768343350018,0.00028689403487259954
7500.187013952019,0.004567045722669534,0.0002324708196166646
7525.260109647734,0.003966355081975486,0.00019023259069827938
7550.4170246037675,0.0031560226725548127,0.00020405831394109577
7575.658039027581,0.0036683114218916575,0.00022725972450993596
7600.9834340633615,0.0027409595114280564,0.0002220403590427462
7626.393491795165,0.002834246854651319,0.0002161471361422854
7651.888495250046,0.0033646890412300126,0.00022402115917148462
7677.468728401224,0.004665486990763431,0.0002274490190742259
7703.134476171246,0.004428722929213957,0.0002478277953674129
7728.886024435141,0.00376979295993752,0.0002402969068282074
7754.723660023623,0.004793190019492813,0.00024327939427797542
7780.6476707262755,0.0032644356503872766,0.000235559560690584
7806.658345294771,0.0024394116872322865,0.00021711838146605967
7832.755973446074,0.0025145658866285022,0.0002323570113386974
7858.940845865665,0.001837234273414552,0.00022281924718483678
7885.213254210794,0.0015399610467596724,0.0002014976398496646
7911.573491113709,0.0013457953892416202,0.0001835348173375057
7938.021850184939,0.0013370905474877264,0.0001714702946082569
7964.558626016547,0.0014905003317316138,0.00016797310350502706
7991.184114185413,0.001578765206269258,0.00017073334438673837
8017.898611256533,0.0017905745644038076,0.00017021208401196938
8044.702414786312,0.001583222621242457,0.00016712368779312305
8071.595823325894,0.0012172189683554591,0.00016690895094925647
8098.57913642448,0.0012135055589298912,0.00017641190584221663
8125.652654632648,0.0013910425147039061,0.00025156247312367624
8152.81667950573,0.0009806852395357758,0.00022968382428212246
8180.07151360715,0.0009991089433401433,0.00025529287151497505
8207.417460511802,0.0006873732462787361,0.00024763759714553814
8234.854824809423,0.0005389845176415797,0.00024620700599038735
8262.383912108004,0.0010456008702079346,0.0002613491374271116
8290.005029037178,0.0003223894489181358,0.0002497428547971882
8317.718483251632,0.0006875919913414295,0.00021793763740025318
8345.524583434553,0.00042463763633906104,0.0001982769836735651
8373.42363930105,0.0008225029986209265,0.00017625737661834277
8401.415961601604,0.0008381958962766538,0.00016956644201146729
8429.501862125539,0.0013122932625684739,0.0001714408868736718
8457.681653704487,0.0013727693656780545,0.00022214582383105026
8485.955650215876,0.0014331526558997304,0.0002486822900983417
8514.324166586423,0.0018679400011777348,0.00021973052355685188
8542.787518795645,0.0015616754743029448,0.00016692498347930853
8571.346023945849,0.0008281511834174486,0.00017631948066717737
8600.000000000004,0.00208470395568156,0.0002862478179025676
