wave,flux,sigma
3300.0000000000005,0.786229554941525,0.006079978101607702
3311.0318870238752,0.8673523944591894,0.00616543079103805
3322.1006535769357,0.932636043951556,0.00620902716647884
3333.2064229988164,0.9726063241642731,0.006190980144187248
3344.349318964206,0.9601236081121224,0.00605219229605471
3355.52946558699,0.9279517832147044,0.005879598384479849
3366.7469873959726,0.9030851314767019,0.005724741016089583
3378.0020093362546,0.8975482184770636,0.005531830684548686
3389.2946567706267,0.9033131113580162,0.0055718851828195125
3400.6250554809667,0.924313167270127,0.005540972364163253
3411.9933316696415,0.9640256590927863,0.005486977362220893
3423.3996119609133,1.0096864072030458,0.005676299577311933
3434.844023402349,1.0544369356811516,0.005704618118349235
3446.3266934662315,1.0885643407759424,0.005536365524873567
3457.847750050986,1.084191181872191,0.005400387416003412
3469.4073214825994,1.0303213111185563,0.00538525131854222
3481.0055365160556,1.025739293535145,0.0053690278472859785
3492.6425243367635,1.0133005151976981,0.005240792940974302
3504.318414561997,0.978974635286698,0.005054143312096489
3516.033337242342,0.9669039711771017,0.004941577072542623
3527.7874228631417,1.0054047950661043,0.004899171246008875
3539.5808023459526,1.0167755677381023,0.004921301489222029
3551.4136070500026,1.0348738507728594,0.004941148725260671
3563.28596877365,1.032268462584211,0.004968343431492564
3575.198019755855,1.0359979153916954,0.004930224005342085
3587.149892677652,1.0142221866821917,0.004850272029546536
3599.1417206636297,1.0133785517354652,0.0047312540215112995
3611.173637283412,0.975767975446025,0.004552583424264083
3623.2457765531435,0.8701639300123759,0.004301944585325904
3635.3582729369846,0.7675188168951103,0.004015647218661061
3647.511261348607,0.6790393572010349,0.003762597698302402
3659.7048771527016,0.6167361982694837,0.0035478903227803764
3671.9392561664827,0.572013172569463,0.003375686803119276
3684.2145346612006,0.5403786176260417,0.003250976985814358
3696.5308493636576,0.5277069744704294,0.0031912273693061083
3708.8883374577335,0.5292109387616654,0.0032258570122710717
3721.2871365859164,0.5710398956283718,0.0032880075287104577
3733.7273848508326,0.6372440631479049,0.003312045187461615
3746.2092208167815,0.6652821849271386,0.003307388887413116
3758.7327835112833,0.6553300381941641,0.0032864812004494395
3771.298212426627,0.6052766654357244,0.0031952249076194596
3783.9056475214256,0.5655229504037713,0.00307890103992223
3796.555229222173,0.5711838868374969,0.003099899800615611
3809.247098424805,0.6099829934314445,0.003207443105467842
3821.981396496276,0.6992260782170072,0.003331618125628327
3834.758265276125,0.8404398059174962,0.003557190913245803
3847.577847078064,0.9318333551940666,0.003694301988088982
3860.4402846915605,0.9850112298438038,0.0037695756655870697
3873.3457213834213,1.051174905687577,0.0038534791060679074
3886.294300899397,1.0663615366500707,0.00388143806440254
3899.2861674657775,1.1052724920885488,0.003980458521517032
3912.3214657910025,1.1798737577848277,0.004183856145027518
3925.4003410672735,1.2534291833745812,0.004217659163263002
3938.5229389721653,1.2302845060764924,0.004097617998534629
3951.689405670252,1.186981076485211,0.0039013473392615515
3964.8998878147377,1.1456550117689774,0.0037646573256255194
3978.154532549086,1.1265154303187561,0.003733066647723794
3991.453487508664,1.1396805949754771,0.003705676447579216
4004.796900822377,1.1596586455895201,0.0037941052354993014
4018.18492111433,1.18164822956594,0.003908948921663705
4031.617697505474,1.2243515948796249,0.003893191491470274
4045.0953796152735,1.2451306961958748,0.0038150581131218947
4058.618117563371,1.219083358107905,0.003770454618403315
4072.1860619712556,1.1841456597062718,0.0037015867411193597
4085.799363963945,1.139252589738166,0.003550414282956701
4099.458175171663,1.0642892522569896,0.00340075076420527
4113.162647731542,1.0159082495225094,0.00330507561802924
4126.912934289301,0.992351115855431,0.0032611829371201368
4140.709188000954,0.9814675613692633,0.003255344456210722
4154.551562534517,0.9745609893572295,0.003232579700941445
4168.440212071713,0.9148048316858501,0.0031634979413871058
4182.3752913097,0.8573314131934435,0.0030621731861934427
4196.356955462785,0.8001397238683525,0.0029635564068606905
4210.385360264156,0.7611312383295078,0.0028664476176389992
4224.460661967617,0.7235298043810627,0.0027756854139413135
4238.583017349324,0.6901988573545588,0.0026861459592048336
4252.752583709542,0.6476214121691544,0.0025869039274874126
4266.969518874386,0.6127909119265351,0.0025039178456908503
4281.233981197582,0.6075291967645915,0.0024905853456282274
4295.5461295622345,0.6495692924231348,0.0025354008178287944
4309.906123382591,0.6809167673853114,0.0026137072127147176
4324.314122605823,0.715098098740965,0.002688697996281329
4338.770287713807,0.7577432485647282,0.0027190367722675288
4353.274779724901,0.7872237339158169,0.0027238941612308153
4367.827760195754,0.7903045631243695,0.002724720935020685
4382.429391223097,0.731346155225878,0.002651854054410504
4397.079835445547,0.6602852436163047,0.0025128955756802524
4411.779256045427,0.6352414698210396,0.0024775186758115185
4426.527816750571,0.67738307926359,0.002538139884722895
4441.32568183616,0.7396417347611317,0.0025998391428462887
4456.17301612654,0.78141320980909,0.0026746445056790354
4471.06998499707,0.8019806553947428,0.0026891685160062837
4486.01675437596,0.8054685281977302,0.0026952978765690788
4501.013490746111,0.7951076436241264,0.0026703148296564057
4516.060361146975,0.7807359078041309,0.0026529451580042866
4531.157533176423,0.7869802293495187,0.002653575501636481
4546.3051749926035,0.7933782114599011,0.0026314053188705618
4561.503455315809,0.798555690261389,0.0026405195104400796
4576.752543430374,0.7937155028993981,0.002608323763226609
4592.052609186547,0.776713839614535,0.002574695861060246
4607.403823002376,0.7440286644830625,0.0025329592928885615
4622.8063558656295,0.6972584547895218,0.002439665458630323
4638.260379335682,0.6635728302557911,0.0023704678993435716
4653.766065545426,0.6541331763994485,0.0023777878945449335
4669.323587203196,0.6451741879095122,0.0023699420331775786
4684.933117594696,0.6361640005428877,0.00231643387782653
4700.594830584916,0.6229576368267347,0.0022691162670672063
4716.308900620076,0.5939088341511972,0.002229676167796443
4732.075502729573,0.5835654270644912,0.0022193273428072467
4747.894812527928,0.586634252991946,0.002238230709976544
4763.767006216733,0.5918067107907317,0.002253733801293691
4779.692260586626,0.5789857345137355,0.002243796941166815
4795.67075301926,0.5522404944722221,0.0022116729577799886
4811.702661489265,0.5186549887909024,0.0021675919303636194
4827.7881645662455,0.4874631558073426,0.0021296442321140216
4843.927441416762,0.47515160344827223,0.0021354820524497153
4860.120671806329,0.47667476779166773,0.002192385951851596
4876.368036101411,0.47420321732953863,0.0022604737976632933
4892.669715271444,0.4581006459642742,0.0023512226826013696
4909.025890890844,0.45478827160686475,0.002482588852165394
4925.436745141022,0.4468077178160593,0.0026142699495551158
4941.902460812428,0.432051416812811,0.0026695360643817305
4958.423221306581,0.4215416416212545,0.00265946991644531
4974.999210638101,0.4314247233174575,0.0026713726970324933
4991.630613436779,0.4488081390766395,0.002691286800070662
5008.317614949616,0.47124232107542274,0.0023264299828585303
5025.060401042893,0.4856939257073493,0.0023616901788756934
5041.8591582042445,0.4948387021292089,0.0023885728372234614
5058.71407354473,0.5246195430174015,0.0036552121025024325
5075.625334800925,0.5475413593787499,0.0033163678885668063
5092.593130337,0.5533770585833807,0.0029720329580146206
5109.61764914683,0.5368215852492404,0.002805902734486929
5126.699080856102,0.5340118014382812,0.0027552825992088904
5143.837615724411,0.5400147751199162,0.0027013374287194612
5161.033444647393,0.5376949904846482,0.0026375737214928796
5178.286759158847,0.5243180792880656,0.002523490659082982
5195.59775143287,0.5015907129241143,0.0023285529211617127
5212.966614285993,0.44948345779189514,0.002161360972392035
5230.393541179339,0.40508431561791175,0.001987592977477946
5247.878726220767,0.3768243952812079,0.0018342396934699081
5265.4223641670305,0.36295387320197303,0.00174802427868039
5283.024650425963,0.36499841784097076,0.0017151482111273032
5300.685781058646,0.3765335458267488,0.0017021664104657174
5318.405952781588,0.392192508214612,0.0016813187062710558
5336.185362968923,0.4038067336884026,0.0016492853822685425
5354.024209654601,0.40637191873948897,0.0016123474057666675
5371.922691534604,0.40088506978763166,0.0015713496988494534
5389.88100796915,0.38823493879252113,0.0015151228377447705
5407.899358984922,0.36026408681152877,0.001452183646872994
5425.977945277293,0.3458024924300033,0.0014055816422011906
5444.116968212549,0.35563762426611567,0.0013991965156148456
5462.316629830153,0.3768604379078324,0.001460905078390605
5480.577132844979,0.4008601715871173,0.001492160560234946
5498.89868064958,0.4219150551302706,0.0014555959832393524
5517.28147731645,0.4253922089997286,0.0014140684870840247
5535.725727600293,0.40888747395895353,0.0013667356629901606
5554.23163694031,0.411848125148214,0.0013557541034717785
5572.79941146248,0.4230887747649497,0.0013562904948321802
5591.429257981867,0.4270295118291752,0.0013272263520838594
5610.121384004915,0.42344498972528805,0.0013082560511623127
5628.875997731756,0.42864884779155626,0.0012966143990289444
5647.69330805854,0.4294056313319924,0.0012739485369893963
5666.573524579752,0.4278673016484541,0.0012621558383464513
5685.516857590555,0.4249641984827096,0.0012411263312318466
5704.523518089128,0.41752412718065135,0.0012190020106433788
5723.593717779009,0.408648047045672,0.0011970184366519793
5742.727669071467,0.40092328027587065,0.0011714085176910225
5761.925585087854,0.40189854388773183,0.0011687322615143202
5781.187679661996,0.39754755268349395,0.0011532104222528295
5800.5141673425605,0.39433291557941286,0.0011265440704253072
5819.905263395445,0.3867308826378116,0.0011154114849826384
5839.361183806187,0.3869456899236423,0.0010961362073585133
5858.882145282354,0.38668224404748497,0.0010768444334829552
5878.468365255977,0.39119951355025845,0.001070058261386702
5898.12006188596,0.38673335913159124,0.001065880863356607
5917.837454060502,0.38598212530932535,0.0010568579731528554
5937.620761399551,0.3819741412393245,0.0010359899664306275
5957.470204257241,0.37649071769182485,0.0010117032938592595
5977.386003724353,0.36969566474670007,0.0009897327981289038
5997.368381630775,0.35344143422684593,0.0009622743692948231
6017.417560547961,0.3325073251333097,0.0009261139722559296
6037.533763791432,0.29698739628531945,0.0008751486276855498
6057.717215423248,0.2503638061708605,0.0008101550555394693
6077.968140254503,0.20938502258745828,0.0007438153389112261
6098.286763847838,0.18268213811443051,0.000690252484513734
6118.673312519953,0.17753217235742885,0.0006688158243657444
6139.128013344114,0.19126786179597574,0.0006831310136224164
6159.651094152697,0.2149251053206011,0.0007271462176636179
6180.242783539723,0.24048684628346476,0.0007580538314965236
6200.903310863401,0.2596365737853815,0.0007632502886025964
6221.632906248681,0.2762705812624391,0.0007812544599535488
6242.431800589825,0.2858825297285049,0.0007881412047153857
6263.300225552964,0.290854703800285,0.0007846321019825793
6284.238413578695,0.29220364462324333,0.0007806860198104439
6305.246597884667,0.290827315991116,0.0007728580320558051
6326.325012468166,0.28584159842234524,0.0007630611702537251
6347.4738921087355,0.28035807171889304,0.0007540905438989675
6368.693472370778,0.2739733979531406,0.0007412216385469003
6389.9839896061985,0.26473485558760673,0.000719101287852309
6411.345680957023,0.25999312577066447,0.0007117640304290279
6432.7787843580345,0.2513741220050912,0.0006986023749442399
6454.283538539437,0.24434147150494412,0.0006749724945416359
6475.860183029508,0.23806059639295918,0.0006591494219298117
6497.508958157264,0.2317449668858492,0.0006498863209411459
6519.230105055148,0.22564062292027576,0.0006425571258629686
6541.023865661702,0.21965323342773407,0.0006323558719611607
6562.890482724266,0.21263079420989034,0.0006173418479947649
6584.830199801685,0.20780118291096905,0.0006043280229645148
6606.843261267024,0.2030417641929683,0.0005943053378942363
6628.929912310285,0.19652271787477027,0.0005855086933294722
6651.0903989411345,0.19255858070526766,0.0005762786827491527
6673.324967991654,0.18712245388249027,0.0005646143221556307
6695.633867119077,0.18122700287458232,0.0005548920525284476
6718.017344808559,0.17516070173788362,0.0005499025821700611
6740.475650375945,0.17217194117283774,0.0005614867225810117
6763.009033970533,0.17053230114287551,0.0005567528316685916
6785.617746577873,0.16286572430933016,0.0005320121912426105
6808.302040022556,0.15945748950162783,0.000511731292732946
6831.062166971027,0.15860794927517632,0.0005067065002101735
6853.898380934393,0.15489846955149525,0.0004967539282197385
6876.81093627124,0.15196316078437322,0.0004907350227933451
6899.8000881904845,0.15084683033847762,0.0004865033978467003
6922.866092754194,0.14943343891697902,0.00048149725365987625
6946.0092068804615,0.14702287447633836,0.00047775236938287874
6969.229688346255,0.14679627017760588,0.000471706485654491
6992.52779579028,0.14531727194497732,0.0004716707287963515
7015.903788715879,0.1429097076131775,0.00046894643838894605
7039.357927493908,0.14122458023454704,0.000462407024628034
7062.890473365647,0.14032703108867378,0.00045959533710685787
7086.501688445705,0.13779469372918213,0.00046681854539792347
7110.191835724931,0.1371022424639209,0.00047240449341362804
7133.961179073358,0.13491694779125482,0.0004670005775900653
7157.809983243131,0.1340696899231894,0.0004598300500211079
7181.738513871466,0.12977520048834368,0.00045116543700754734
7205.747037483605,0.1285812003649508,0.0004466236009943553
7229.835821495773,0.12616513208278451,0.0004390213932867088
7254.005134218174,0.12241787999034145,0.00043153856004812786
7278.255244857964,0.11954246825412304,0.00042571707969650535
7302.586423522268,0.11619572575692744,0.00041764604599715165
7326.998941221176,0.11436817145975835,0.0004125564172981218
7351.493069870756,0.11215772120461945,0.00040678489645476945
7376.069082296098,0.10873586127674807,0.00040673854914132786
7400.727252234339,0.1065990869503867,0.0003997855079605131
7425.467854337722,0.09680519046553851,0.0003873899487347357
7450.291164176657,0.09335800399193989,0.00047258981815148415
7475.197458242774,0.09611326574499167,0.0005046056082265238
7500.187013952019,0.09464116192189267,0.0004441994501019194
7525.260109647734,0.09566855173062083,0.0003961354409100307
7550.4170246037675,0.09461547655507954,0.00038619641485804104
7575.658039027581,0.09504675808032371,0.0003936316773581071
7600.9834340633615,0.0941751304176717,0.0003932503334645642
7626.393491795165,0.09548423129270317,0.0003901976492097894
7651.888495250046,0.09500282223084662,0.0003941724461826917
7677.468728401224,0.09669380016422269,0.00039864283780073514
7703.134476171246,0.09918889263661865,0.00040665049427786147
7728.886024435141,0.10201713077421164,0.00040643434616794767
7754.723660023623,0.1030625857889884,0.00040987791225169975
7780.6476707262755,0.10507814725722278,0.000410667332320403
7806.658345294771,0.1041258917058539,0.00040653955501712967
7832.755973446074,0.10313987392163661,0.0004089960948182025
7858.940845865665,0.09980167252770064,0.0004044074717863933
7885.213254210794,0.09984160013815835,0.00039868704379184206
7911.573491113709,0.09394151089635999,0.00038767829774608665
7938.021850184939,0.09270187835648547,0.00038027668134361746
7964.558626016547,0.09010981041276597,0.0003736028872703164
7991.184114185413,0.0867065214006834,0.00037299616060028026
8017.898611256533,0.08670779997158917,0.0003742885123982626
8044.702414786312,0.08870329814303009,0.0003744560170958642
8071.595823325894,0.08932098741410766,0.00037735606262491927
8098.57913642448,0.09058607988969128,0.0003800401066562031
8125.652654632648,0.08743216791045932,0.0003955008395386145
8152.81667950573,0.08352117058612984,0.0003815727331530384
8180.07151360715,0.07680547786977159,0.0003802891221838587
8207.417460511802,0.07624083053428007,0.0003720733698425731
8234.854824809423,0.07741951557047863,0.0003772242315094051
8262.383912108004,0.07816346187558405,0.0003832649939772925
8290.005029037178,0.07781130324626562,0.0003768329536446892
8317.718483251632,0.07936954054375239,0.0003699963210392037
8345.524583434553,0.08221083927932879,0.0003709763485266255
8373.42363930105,0.08516254952524645,0.00037054039397457577
8401.415961601604,0.08808885332735461,0.00037377457561755737
8429.501862125539,0.08985249787694717,0.0003771529245368634
8457.681653704487,0.09120915261349427,0.0003909893238901975
8485.955650215876,0.0896802738640293,0.0003969073895700573
8514.324166586423,0.08800534386925041,0.00038614490227036204
8542.787518795645,0.08743609973094968,0.00037296500254091014
8571.346023945849,0.08452630250932897,0.0003714589891381767
8600.000000000004,0.0860608974525948,0.0004037588909021365
