wave,flux,sigma
3300.0000000000005,0.007074627114671896,0.00773440470860028
3311.0318870238752,0.020624440367728578,0.0077221265320425985
3322.1006535769357,0.0362291099131623,0.007384556160035611
3333.2064229988164,0.027675637865159475,0.007454750860072781
3344.349318964206,0.018513003324245787,0.00723617093752709
3355.52946558699,0.01775819685227204,0.007015440910762459
3366.7469873959726,0.019310528477765695,0.00699849161921279
3378.0020093362546,0.028977013220969072,0.006729219765317003
3389.2946567706267,0.021726162547318687,0.006811769646581583
3400.6250554809667,0.028251896231654586,0.006908795179665747
3411.9933316696415,0.023366191617570437,0.006816233261971958
3423.3996119609133,0.02963099123068454,0.006747654156575297
3434.844023402349,0.048227029906085586,0.00636893358786013
3446.3266934662315,0.03059453957883661,0.005939984769516245
3457.847750050986,0.035780122524399716,0.005880775308505839
3469.4073214825994,0.034692357057645826,0.00612456052056183
3481.0055365160556,0.042742555015901185,0.006163399095661381
3492.6425243367635,0.0548680186207405,0.006087445413159796
3504.318414561997,0.05995444444942868,0.00597445720920185
3516.033337242342,0.05619849387748457,0.006010856308668298
3527.7874228631417,0.05814615384004956,0.00600714029030705
3539.5808023459526,0.05467781216125624,0.005950136441066063
3551.4136070500026,0.06416079556136173,0.005997862046526669
3563.28596877365,0.06484201084319716,0.00609965269860863
3575.198019755855,0.08310750448846113,0.005993824340151961
3587.149892677652,0.07073328036554719,0.005837966691332043
3599.1417206636297,0.05868167601035455,0.005605842748736613
3611.173637283412,0.05109492424734835,0.005555244549713304
3623.2457765531435,0.0769288702775402,0.005707592377293428
3635.3582729369846,0.09503977989111967,0.00579498201669847
3647.511261348607,0.10213403994520233,0.005749863941229781
3659.7048771527016,0.10614929743543797,0.005539248359912681
3671.9392561664827,0.10887311807275224,0.005307400704774778
3684.2145346612006,0.11734146267618045,0.005064469742482449
3696.5308493636576,0.11287448755660778,0.0051113485397840325
3708.8883374577335,0.10148613527183414,0.00528598829652758
3721.2871365859164,0.11412917226672664,0.005293400838280218
3733.7273848508326,0.12396903040898716,0.005258161997875282
3746.2092208167815,0.1373670562945471,0.005237973998722864
3758.7327835112833,0.11033664699437716,0.005361651570418672
3771.298212426627,0.11319495434324608,0.005014387653092642
3783.9056475214256,0.08060851677266666,0.004649787797182993
3796.555229222173,0.07606810479214957,0.004567095166992098
3809.247098424805,0.06560003274088635,0.004679606759714434
3821.981396496276,0.07390785395703921,0.004777190958304204
3834.758265276125,0.07860440798347895,0.005017657071963377
3847.577847078064,0.09207248469905699,0.0051040648447633966
3860.4402846915605,0.10748403164844876,0.005122782383244335
3873.3457213834213,0.11580669232236475,0.00512126959547285
3886.294300899397,0.10764845742922763,0.005014395792971236
3899.2861674657775,0.10914677499001044,0.005010800636696338
3912.3214657910025,0.1253154866032871,0.005120832861413547
3925.4003410672735,0.13531645640615142,0.005254010503591185
3938.5229389721653,0.1422024789683042,0.0052549893111851894
3951.689405670252,0.15493366650310042,0.005205584636838443
3964.8998878147377,0.15681153655377092,0.00513670024767826
3978.154532549086,0.15203342498633793,0.005060681794012165
3991.453487508664,0.14005921955341002,0.004873468313792766
4004.796900822377,0.1251661803380406,0.004757793976575646
4018.18492111433,0.11283150356138372,0.0046795746352267876
4031.617697505474,0.10910422259747482,0.004531889901061991
4045.0953796152735,0.11193735697212867,0.004531653827624796
4058.618117563371,0.11425732437828465,0.004535028121742235
4072.1860619712556,0.10396620548457394,0.00449995763374943
4085.799363963945,0.10638042584255157,0.004409333819857603
4099.458175171663,0.10636889134203961,0.004295509573194982
4113.162647731542,0.09744546047496266,0.004229076788904133
4126.912934289301,0.10015260135290727,0.004113442293227169
4140.709188000954,0.10629580724059123,0.004039464272886779
4154.551562534517,0.1092244282679906,0.004129133885575726
4168.440212071713,0.1177564484044018,0.0043045317924594855
4182.3752913097,0.12165793772523419,0.004342072598576478
4196.356955462785,0.11086771932384484,0.004366691250605962
4210.385360264156,0.11955874301732512,0.004315696030120198
4224.460661967617,0.11500307237400256,0.004259626295919575
4238.583017349324,0.11867941332431008,0.004243849726015181
4252.752583709542,0.12443693653850214,0.004228602715700373
4266.969518874386,0.12520367522317982,0.004237536330417118
4281.233981197582,0.13829674176867546,0.004214552622270924
4295.5461295622345,0.1357858022880078,0.00421687653039104
4309.906123382591,0.13063146998620007,0.004226776881238054
4324.314122605823,0.11920150968326884,0.004244264216099154
4338.770287713807,0.11052481798474081,0.0041497900321751015
4353.274779724901,0.1068219827984215,0.003988273789463979
4367.827760195754,0.09728649066818154,0.003938598271433139
4382.429391223097,0.0919446291522987,0.003935025725841569
4397.079835445547,0.08712572384058784,0.003865095170170479
4411.779256045427,0.08558302582062818,0.00383402670203122
4426.527816750571,0.08959072302931512,0.003835956809485776
4441.32568183616,0.08471656238078268,0.0038208982804851604
4456.17301612654,0.09829957637278666,0.0038427969889355843
4471.06998499707,0.10747318185769442,0.003859317599047912
4486.01675437596,0.11596809123258778,0.003908850513323614
4501.013490746111,0.13919133249369925,0.003969783485992438
4516.060361146975,0.16033237759737545,0.0040533616818078265
4531.157533176423,0.18515649525729677,0.004176731106321934
4546.3051749926035,0.22079478492175675,0.004278111037876451
4561.503455315809,0.23392371421574326,0.0043685869629349885
4576.752543430374,0.24634778422101955,0.004365000302775858
4592.052609186547,0.25750967551303894,0.004426714083746638
4607.403823002376,0.2834827937454901,0.0045480017707277744
4622.8063558656295,0.27945789244898883,0.004499529006145833
4638.260379335682,0.2512250424792074,0.004360931476586482
4653.766065545426,0.22463440374891913,0.004256891196231628
4669.323587203196,0.18230294054070426,0.004037470963476774
4684.933117594696,0.14900752532701614,0.0038269907316779038
4700.594830584916,0.1457729754474052,0.003821339072980884
4716.308900620076,0.1462648360809825,0.0038883224700827263
4732.075502729573,0.12803924895377095,0.003942006175046904
4747.894812527928,0.12468441848292755,0.004065231058503721
4763.767006216733,0.13511601911274396,0.004326872528399686
4779.692260586626,0.15865526644355904,0.0047121027795639535
4795.67075301926,0.17305184556555347,0.005138559982597903
4811.702661489265,0.1863097630727741,0.005445213583411578
4827.7881645662455,0.15927062158592625,0.00560503858059061
4843.927441416762,0.16630346700232834,0.00571781916154286
4860.120671806329,0.17140040459620454,0.0057510375659901225
4876.368036101411,0.18863474737855845,0.00569186244714727
4892.669715271444,0.2186771884501531,0.005698467788684607
4909.025890890844,0.2330579863768795,0.005322253139057064
4925.436745141022,0.23005602737647637,0.005047640293815342
4941.902460812428,0.2060985559566172,0.005064224208939617
4958.423221306581,0.19522282131495491,0.005695548862941968
4974.999210638101,0.16911889185693668,0.005535726511034425
4991.630613436779,0.15612042912167207,0.00495066122926413
5008.317614949616,0.13204639394117684,0.004712284664015982
5025.060401042893,0.14594846180787877,0.0046201957433443215
5041.8591582042445,0.12235082670158187,0.0044495526693820115
5058.71407354473,0.12555477855663857,0.004166260154733331
5075.625334800925,0.1285535451867639,0.003949006901234335
5092.593130337,0.1137577525344452,0.0037209365467818422
5109.61764914683,0.10541370701238835,0.0034960129946186775
5126.699080856102,0.10655490849280239,0.0033511652230159656
5143.837615724411,0.1261811411186191,0.0033209567328246017
5161.033444647393,0.12963592396602164,0.0033109848550227214
5178.286759158847,0.14927247015887796,0.0033030607597500567
5195.59775143287,0.1765697134004092,0.0032681204206657746
5212.966614285993,0.18488050070539588,0.003301940122294234
5230.393541179339,0.2032456317132534,0.003319777304448218
5247.878726220767,0.22798058864443288,0.003277675202753333
5265.4223641670305,0.23510420988426256,0.003267846405605384
5283.024650425963,0.25015118545720016,0.0032451335587173986
5300.685781058646,0.23767304130653855,0.0032086744099392183
5318.405952781588,0.24565860973692014,0.003136942341266887
5336.185362968923,0.2385444359303072,0.0030659234056739635
5354.024209654601,0.24684721401084148,0.0030951803345740303
5371.922691534604,0.26700313593852143,0.003104771906822825
5389.88100796915,0.2902616089122269,0.003077112834110404
5407.899358984922,0.3112823900412999,0.0030481347841212433
5425.977945277293,0.30802556234722206,0.0030182931071108987
5444.116968212549,0.3201042086663026,0.0029827957053927797
5462.316629830153,0.32018079919674897,0.002951206333028024
5480.577132844979,0.312152095852036,0.002907274299704099
5498.89868064958,0.305614936492275,0.0028406727430483583
5517.28147731645,0.29981102159535694,0.0027413030177475205
5535.725727600293,0.28974931875589216,0.002642574390744071
5554.23163694031,0.27004809404613084,0.0025682146312467286
5572.79941146248,0.2466048645339469,0.0024909798207945833
5591.429257981867,0.233935794237828,0.0024076121210160097
5610.121384004915,0.23125485717306615,0.002345816568604928
5628.875997731756,0.213348770333456,0.0022791467529625943
5647.69330805854,0.20284958688416888,0.0022010601634643284
5666.573524579752,0.18915931232499883,0.002154776843562563
5685.516857590555,0.18575708361428206,0.0021054238487734542
5704.523518089128,0.19150725293884635,0.0020837239704217755
5723.593717779009,0.2006469936629363,0.0020911356615154783
5742.727669071467,0.21089805726439642,0.0020983217518862085
5761.925585087854,0.22695639083102687,0.002125995400697923
5781.187679661996,0.24241088132880892,0.0021303415177301908
5800.5141673425605,0.24774225121272597,0.0021312118818037937
5819.905263395445,0.2566270395104662,0.0021407657864615966
5839.361183806187,0.2571543143020759,0.002110231497567858
5858.882145282354,0.24653889026280132,0.0020567318420253128
5878.468365255977,0.24209023461188844,0.0020131374512116725
5898.12006188596,0.2293576724391152,0.001971451805697162
5917.837454060502,0.20647117685636335,0.0019024656946219898
5937.620761399551,0.187629612023269,0.0018158494929011617
5957.470204257241,0.17893153463150846,0.0017537287445485873
5977.386003724353,0.1786942059613741,0.0017233597508359622
5997.368381630775,0.17454983926686557,0.001691779021125106
6017.417560547961,0.16744426894271652,0.0016469383299351071
6037.533763791432,0.16037327107703916,0.0016239640091978485
6057.717215423248,0.1658669171402953,0.001695137832782983
6077.968140254503,0.18246491002088544,0.0017098589544938764
6098.286763847838,0.18015356908472377,0.001639279489361577
6118.673312519953,0.17864379625919652,0.0016212362843715336
6139.128013344114,0.1821920261527029,0.0016065125999561584
6159.651094152697,0.18012156152037245,0.0015959850621344823
6180.242783539723,0.17846275630049319,0.00157407336433459
6200.903310863401,0.17002511214512186,0.0015223178393069991
6221.632906248681,0.15842729146323647,0.0014946332993436616
6242.431800589825,0.15528657146896951,0.001465155444500533
6263.300225552964,0.15361095983251197,0.0014439652229743536
6284.238413578695,0.15943111846956431,0.0014440978767496836
6305.246597884667,0.16725778540956493,0.0014569691842094665
6326.325012468166,0.18321217413467994,0.0014772145161031963
6347.4738921087355,0.1990691985410599,0.001512251717952409
6368.693472370778,0.21472681726330387,0.0015341723172066658
6389.9839896061985,0.21250171215633834,0.0015218118908900968
6411.345680957023,0.21862628371006487,0.0015354747895361565
6432.7787843580345,0.2227176234451857,0.0015353460062935346
6454.283538539437,0.22225719895681106,0.001508741065357462
6475.860183029508,0.22391579475468965,0.001498611829391917
6497.508958157264,0.22524568192434405,0.0014905925678237732
6519.230105055148,0.21628443004552747,0.0014789746173379372
6541.023865661702,0.21266994417507254,0.001462348826077225
6562.890482724266,0.20126032815298256,0.0014353924155484437
6584.830199801685,0.1926637483002911,0.001400138959833909
6606.843261267024,0.18096719664147598,0.0014093344696330737
6628.929912310285,0.17720293603803544,0.001404875800848064
6651.0903989411345,0.1674822044119832,0.0013421976097802797
6673.324967991654,0.1581121247845595,0.0012777285798052757
6695.633867119077,0.15079527743383675,0.0012287051916348394
6718.017344808559,0.14216497571876918,0.00118747871137549
6740.475650375945,0.13379323309068625,0.0011496631992274366
6763.009033970533,0.12603114025318096,0.0011280595922255007
6785.617746577873,0.11598186783665965,0.0010995713570044502
6808.302040022556,0.11498763962429767,0.001075540304181756
6831.062166971027,0.11045849978569043,0.0010623733754312357
6853.898380934393,0.10664853354967976,0.0010431034165568611
6876.81093627124,0.10381818708225325,0.0010360541556800732
6899.8000881904845,0.10547609291241816,0.0010372089223357563
6922.866092754194,0.10396643504658676,0.0010258306150833663
6946.0092068804615,0.09896852503863346,0.0010098903602960136
6969.229688346255,0.09730344008591113,0.0010227075033912008
6992.52779579028,0.09906949568102678,0.001048904539090675
7015.903788715879,0.09693234470537676,0.001037709076587486
7039.357927493908,0.09571307553485361,0.001002907490571233
7062.890473365647,0.09322654507534794,0.0010021205756225798
7086.501688445705,0.09430617300549285,0.0010072513909184
7110.191835724931,0.10066324747242508,0.0010125588807057275
7133.961179073358,0.10407558864725502,0.0010067626955838746
7157.809983243131,0.1052002024182437,0.0009987703951512671
7181.738513871466,0.10611100042645186,0.000994402762496042
7205.747037483605,0.10407039637405169,0.0009923608857581535
7229.835821495773,0.10832478518484133,0.0010073313102229326
7254.005134218174,0.11035607667832985,0.0010163693966567452
7278.255244857964,0.10965688100229745,0.0010170173642865513
7302.586423522268,0.10969872650151069,0.0011758395716470753
7326.998941221176,0.11265207363219927,0.0013351722609161994
7351.493069870756,0.11097602862848449,0.0011964143578934519
7376.069082296098,0.11350927188014165,0.0010809121302787405
7400.727252234339,0.11253911499632709,0.001020514555236169
7425.467854337722,0.11183196526717806,0.0010374377268074645
7450.291164176657,0.11322390956627779,0.0010442642478844708
7475.197458242774,0.10879004386094106,0.0010352020447371253
7500.187013952019,0.1119114673324903,0.001032530095425801
7525.260109647734,0.11115916952432463,0.0010402904221280599
7550.4170246037675,0.10947356510927415,0.001037872479073743
7575.658039027581,0.10778668031524563,0.0010468697609566763
7600.9834340633615,0.10655997777146772,0.0010384141625802631
7626.393491795165,0.10749650101956443,0.0010336515043553492
7651.888495250046,0.10665845175230587,0.0010162829923766176
7677.468728401224,0.10542143917047155,0.001033096262559191
7703.134476171246,0.10404568374112957,0.001015332985146882
7728.886024435141,0.1003873845461839,0.0009859466594036505
7754.723660023623,0.09678486667051059,0.0009569232470706528
7780.6476707262755,0.09298857188288563,0.0009411163470753912
7806.658345294771,0.09127736071779677,0.0009291870088383977
7832.755973446074,0.08623319010956615,0.0009178725118628105
7858.940845865665,0.08727605613490581,0.0009214328509193863
7885.213254210794,0.08398593132341392,0.0009123697801410256
7911.573491113709,0.08276660642599545,0.0009065509214864488
7938.021850184939,0.07773228578791078,0.0008858563049422107
7964.558626016547,0.07860132272406134,0.000924565908603419
7991.184114185413,0.07456327994674133,0.0009479580404000649
8017.898611256533,0.07370307549221695,0.0009322050840184921
8044.702414786312,0.07212402483580864,0.0009441587084801078
8071.595823325894,0.0730445075015928,0.0009189827464765569
8098.57913642448,0.07171296671720376,0.0009514872673667071
8125.652654632648,0.0729034167333643,0.0009312916540364821
8152.81667950573,0.06662287347196824,0.0008909623170567932
8180.07151360715,0.05577689296553803,0.0008194679383539054
8207.417460511802,0.04647067470606618,0.000757047152881632
8234.854824809423,0.044774597572096446,0.0007403046495636195
8262.383912108004,0.047679756192460926,0.0007568940400163307
8290.005029037178,0.05378841088301137,0.0008021898161408337
8317.718483251632,0.05477997653849643,0.0008370892772564479
8345.524583434553,0.05301378536731479,0.0008211325518319285
8373.42363930105,0.056899406968040925,0.0007917562092903828
8401.415961601604,0.06687808444076446,0.0008186003173225094
8429.501862125539,0.07405503779877257,0.0009452315225787871
8457.681653704487,0.08153132126140286,0.0009782013523752004
8485.955650215876,0.08993392215730037,0.0010054048763498248
8514.324166586423,0.09245248174974693,0.0010432681713229218
8542.787518795645,0.10055813841382422,0.0010376857687374992
8571.346023945849,0.10158181702330524,0.0010963799195017696
8600.000000000004,0.10771536079997042,0.001079211365402629
