wave,flux,sigma
3300.0000000000005,0.13574459402237896,0.019841447279740923
3311.0318870238752,0.19142577990367982,0.01985774001810814
3322.1006535769357,0.1497421162237383,0.01985413742363568
3333.2064229988164,0.1812116278974215,0.019258512145552673
3344.349318964206,0.18655445739383153,0.018658449176780695
3355.52946558699,0.20706237667925192,0.018407034605323135
3366.7469873959726,0.2190507910641138,0.01833616623614869
3378.0020093362546,0.21861862591002387,0.017980785405848534
3389.2946567706267,0.20776815059578801,0.01811731823467885
3400.6250554809667,0.2510653379978295,0.017904869378033875
3411.9933316696415,0.2546695944478141,0.017375695999315845
3423.3996119609133,0.21413410629819946,0.01735680838490374
3434.844023402349,0.2626223411959767,0.017142502768622742
3446.3266934662315,0.25903289249941686,0.01661103274741386
3457.847750050986,0.24411880577208056,0.0165062089237802
3469.4073214825994,0.2646339801090901,0.016881644780649522
3481.0055365160556,0.29674459661681407,0.016888988802523645
3492.6425243367635,0.3389973810036039,0.01673674379796804
3504.318414561997,0.38468743827483226,0.01664514794655603
3516.033337242342,0.4255772322260648,0.01673290139835159
3527.7874228631417,0.4430733231107393,0.01686524245479838
3539.5808023459526,0.4948676635060004,0.01703184667064886
3551.4136070500026,0.5440289944565913,0.017228555673227924
3563.28596877365,0.5586198599458512,0.017314207912951858
3575.198019755855,0.5603228359464268,0.01725589725758545
3587.149892677652,0.5450430505689274,0.017096428288217533
3599.1417206636297,0.49885874192472174,0.016912605385218518
3611.173637283412,0.537213731229825,0.016907874269221693
3623.2457765531435,0.5576696737305108,0.017004434989167056
3635.3582729369846,0.583318208872075,0.01669732166821546
3647.511261348607,0.5978113445017339,0.016417537333014574
3659.7048771527016,0.5948372805303193,0.016053004135537154
3671.9392561664827,0.5571327841657806,0.015477439394628985
3684.2145346612006,0.46799656210769197,0.01496571726572619
3696.5308493636576,0.39524096170909273,0.014310573382338137
3708.8883374577335,0.305449068614722,0.014281285836172178
3721.2871365859164,0.2937019136806533,0.014385527514333007
3733.7273848508326,0.29040452669913597,0.013636758304731213
3746.2092208167815,0.23680917946290841,0.012514846277580071
3758.7327835112833,0.23168575609520597,0.012035146584432013
3771.298212426627,0.21918285461901207,0.01180557773965104
3783.9056475214256,0.22994340240757719,0.01166476432701014
3796.555229222173,0.24578401171176895,0.01200936651210187
3809.247098424805,0.29378661450893695,0.012648724946791924
3821.981396496276,0.30999520049522,0.013046985717371796
3834.758265276125,0.3895599920074383,0.013510266218328246
3847.577847078064,0.488813587594956,0.01380667905413732
3860.4402846915605,0.5802066986632174,0.01397745874381332
3873.3457213834213,0.6612640708873601,0.0143465634517985
3886.294300899397,0.7285689195453097,0.014557482395162535
3899.2861674657775,0.7427641942513719,0.01474940298851505
3912.3214657910025,0.828465579409257,0.014737801229780979
3925.4003410672735,0.7980294506531895,0.01466637737353625
3938.5229389721653,0.7801081790179212,0.014530754236055926
3951.689405670252,0.7380882966228792,0.014173187338846304
3964.8998878147377,0.6727823058564851,0.013657613560829507
3978.154532549086,0.6340692826157981,0.013323002321882434
3991.453487508664,0.5772606468180744,0.01300871064179621
4004.796900822377,0.6061549007020406,0.013040492488364476
4018.18492111433,0.6297710919999143,0.013135033981012848
4031.617697505474,0.6408665921872454,0.013047907182310279
4045.0953796152735,0.6674107145364234,0.013127361725078572
4058.618117563371,0.6825226593080895,0.013358338119416184
4072.1860619712556,0.6817456571980114,0.013444187585369206
4085.799363963945,0.716279317518316,0.013201718099598782
4099.458175171663,0.671634677189291,0.012949976112387044
4113.162647731542,0.6609701704525801,0.01272036373147017
4126.912934289301,0.63575444533809,0.012691897626734068
4140.709188000954,0.633892216974997,0.012701163747234064
4154.551562534517,0.6115969260307244,0.01267004384986565
4168.440212071713,0.6180155824427505,0.01267011998793999
4182.3752913097,0.627439124637466,0.012741451000361656
4196.356955462785,0.6363529766950923,0.01264266278234152
4210.385360264156,0.5810567515737938,0.012463981862702686
4224.460661967617,0.5845538743673817,0.012209445477641582
4238.583017349324,0.5257217980136912,0.011833257242967533
4252.752583709542,0.4982375811975642,0.011420610128302634
4266.969518874386,0.4803835113145103,0.011135163117338111
4281.233981197582,0.4493749684127202,0.01083560413752058
4295.5461295622345,0.40431269043767004,0.010576390586362968
4309.906123382591,0.39533812015411696,0.010483936206353135
4324.314122605823,0.40517096963935717,0.010573675176721772
4338.770287713807,0.3922801210406366,0.010407862835239787
4353.274779724901,0.38428730131083244,0.010227657459704918
4367.827760195754,0.38701712264409205,0.010249913505066802
4382.429391223097,0.38514030145707323,0.010361097827605557
4397.079835445547,0.43044240628639746,0.010433890592072056
4411.779256045427,0.446380120954463,0.010548180672775213
4426.527816750571,0.485407623176016,0.010724138998907045
4441.32568183616,0.5211616321177039,0.010831110324274166
4456.17301612654,0.5506662183521012,0.011058583334112262
4471.06998499707,0.5756620419445426,0.011223095629878383
4486.01675437596,0.5960427597930888,0.011379524146689735
4501.013490746111,0.5996953216860126,0.011392660434567652
4516.060361146975,0.6155137061375638,0.011452235820683202
4531.157533176423,0.6257597066805917,0.011502570069395578
4546.3051749926035,0.5846117242522638,0.011392358762592314
4561.503455315809,0.5780419068861108,0.011446960440004877
4576.752543430374,0.5876585944439114,0.011488837517489508
4592.052609186547,0.5984323427215359,0.011685113919945379
4607.403823002376,0.5685326414204108,0.012010355122977063
4622.8063558656295,0.5771183017533483,0.012376161046575723
4638.260379335682,0.5548664115219264,0.012766513622893761
4653.766065545426,0.485976790444579,0.01343506350738808
4669.323587203196,0.48381646292426134,0.014239668615164786
4684.933117594696,0.4583306600031828,0.014824667548382395
4700.594830584916,0.4092535502305613,0.015068105148181259
4716.308900620076,0.33402565599293554,0.014968178341935727
4732.075502729573,0.3644182607986438,0.01483065725293736
4747.894812527928,0.31956464155953823,0.014390869576869993
4763.767006216733,0.34590164760404485,0.013125878535397744
4779.692260586626,0.3247658527302976,0.013253072894655962
4795.67075301926,0.2929335123843266,0.01331041146932738
4811.702661489265,0.36173213429924944,0.021098137628288795
4827.7881645662455,0.2809956581097873,0.018254585321518774
4843.927441416762,0.29994028657144023,0.015229351539736188
4860.120671806329,0.27422495951222103,0.0141878482419414
4876.368036101411,0.3181658147271643,0.01395448315837669
4892.669715271444,0.33217884489933625,0.013917853581201166
4909.025890890844,0.3824205905210707,0.013637175674512364
4925.436745141022,0.3426289980478732,0.012942242075497991
4941.902460812428,0.2888231142393155,0.011814297285557704
4958.423221306581,0.22456257807803376,0.010609624884980049
4974.999210638101,0.24678827270543136,0.009919446451560067
4991.630613436779,0.23363085732804606,0.00960802314776276
5008.317614949616,0.26054893000241186,0.009284703024233655
5025.060401042893,0.27199937055767365,0.00912685565434084
5041.8591582042445,0.309529160908038,0.009020602422009338
5058.71407354473,0.35017669012587227,0.008903975714397747
5075.625334800925,0.350816495891632,0.0088211491308864
5092.593130337,0.3981908709101234,0.008671963808874786
5109.61764914683,0.3944641774008715,0.008625498550417061
5126.699080856102,0.4259689359180539,0.008552718632709469
5143.837615724411,0.4202549518993117,0.008462046674531721
5161.033444647393,0.45117214689163454,0.008421734987406901
5178.286759158847,0.4593306031651234,0.008331907482333487
5195.59775143287,0.46368766433765324,0.00879102237763794
5212.966614285993,0.4450683321408494,0.008657808957805987
5230.393541179339,0.41140289878949066,0.007690204272848222
5247.878726220767,0.3716704351231518,0.007178583711273247
5265.4223641670305,0.3274356211475164,0.006837573240383324
5283.024650425963,0.32720499328827646,0.006741836846377165
5300.685781058646,0.33028481131776094,0.006696215203141614
5318.405952781588,0.3330462796997695,0.006525311618413884
5336.185362968923,0.3439254701304837,0.006348075327737012
5354.024209654601,0.3309234693424511,0.006176449261883833
5371.922691534604,0.3186814419261119,0.00597671776645045
5389.88100796915,0.3057411679845871,0.0058720796143633324
5407.899358984922,0.30306759645690234,0.0057896170945609705
5425.977945277293,0.30328540979292307,0.005618231126916928
5444.116968212549,0.25836485627377404,0.005464915107712402
5462.316629830153,0.2592664073572979,0.005432625514660866
5480.577132844979,0.28317748758843353,0.005751770190810129
5498.89868064958,0.31810108568611817,0.0059949499623562965
5517.28147731645,0.3214855084510011,0.005791176407446061
5535.725727600293,0.32734930366572634,0.005520174648050225
5554.23163694031,0.3387651098924551,0.00550296999304971
5572.79941146248,0.33842578744879065,0.005423507270400641
5591.429257981867,0.32486800300557783,0.00526957312283081
5610.121384004915,0.3259278704062977,0.005143748782496129
5628.875997731756,0.3150777773074664,0.005037654409773319
5647.69330805854,0.3025066557593946,0.00492661652921924
5666.573524579752,0.30106923149383075,0.004848311412023312
5685.516857590555,0.2978184528376114,0.0047483052200738545
5704.523518089128,0.2841877833985719,0.004653426628940222
5723.593717779009,0.28445203398338725,0.004580187796565576
5742.727669071467,0.27843579812147157,0.004508637247739844
5761.925585087854,0.28507444368442514,0.00451872933549884
5781.187679661996,0.3042374065184428,0.004536060721341289
5800.5141673425605,0.3176846062160458,0.004580081103419895
5819.905263395445,0.3338474302404695,0.00463714280221825
5839.361183806187,0.32897441098825414,0.004549476475470769
5858.882145282354,0.31656951020676855,0.0046251324173655515
5878.468365255977,0.33368837452756805,0.004854182621905942
5898.12006188596,0.3183041827277981,0.004623103274899781
5917.837454060502,0.3113176785186223,0.004369814842328713
5937.620761399551,0.31044871703208027,0.00436979464224957
5957.470204257241,0.30863870270616445,0.00421336079489939
5977.386003724353,0.28616722887828167,0.004029550816155663
5997.368381630775,0.2825965634983905,0.003944446345911313
6017.417560547961,0.26395713919548236,0.00387866242638078
6037.533763791432,0.24230276559874014,0.0037451239834127518
6057.717215423248,0.1805602522427363,0.003481265886938199
6077.968140254503,0.12010250562615855,0.0031837301636186703
6098.286763847838,0.08890443634945931,0.0029445279505744067
6118.673312519953,0.07368931044233099,0.0028637689111065947
6139.128013344114,0.08807098947900156,0.0028635564981294133
6159.651094152697,0.12041668039945744,0.0029913292870515774
6180.242783539723,0.1660013395281485,0.0031557633107986796
6200.903310863401,0.19910895410160398,0.003244567585296158
6221.632906248681,0.2224569991067108,0.0033642142333890897
6242.431800589825,0.24221096182597573,0.0034032250054183586
6263.300225552964,0.24005946894646024,0.003373115551105814
6284.238413578695,0.23849799715004824,0.0033503818153697855
6305.246597884667,0.23336252804113852,0.003329683313958866
6326.325012468166,0.2397952929483674,0.003286509548936465
6347.4738921087355,0.22330735112358788,0.0032463542308940638
6368.693472370778,0.21989141305601906,0.0033143607504992493
6389.9839896061985,0.21997313358544604,0.0033531185759313148
6411.345680957023,0.216692648468558,0.0034486241092264685
6432.7787843580345,0.21748274480001714,0.0033743238237177306
6454.283538539437,0.21390604413107722,0.0032381784179696758
6475.860183029508,0.21654796476798233,0.00317238842507424
6497.508958157264,0.20623844526484597,0.0031443546509137043
6519.230105055148,0.20253852543110365,0.003090925625171814
6541.023865661702,0.20088180132733768,0.0030199023790122357
6562.890482724266,0.19588266772687773,0.002993730559387455
6584.830199801685,0.19354978911078818,0.002936260582678172
6606.843261267024,0.1796227546809241,0.00286287660227398
6628.929912310285,0.16696993559993595,0.0028181407800875404
6651.0903989411345,0.1667189267745577,0.0028044807040180655
6673.324967991654,0.15898108569636904,0.0027740307476380134
6695.633867119077,0.14722121398259386,0.0026931552452800797
6718.017344808559,0.137886339482452,0.0026312744218553257
6740.475650375945,0.13835080410021638,0.002740081295035798
6763.009033970533,0.1346092913041836,0.0029058114780331837
6785.617746577873,0.13941323757700325,0.002904229085410192
6808.302040022556,0.12855632909870046,0.0028485656134960026
6831.062166971027,0.11986897744933434,0.0028320115757179
6853.898380934393,0.13197140821174957,0.0028298105924078037
6876.81093627124,0.1269910413717325,0.0027554659367830317
6899.8000881904845,0.11914778944127077,0.0026537435537571266
6922.866092754194,0.12193838982251243,0.002582081029259789
6946.0092068804615,0.10905185631899347,0.0025239173266149912
6969.229688346255,0.10832191265427543,0.002549345019981011
6992.52779579028,0.10668739857454067,0.0025183859488078337
7015.903788715879,0.0993012997011973,0.0025357333570713487
7039.357927493908,0.10546266562257825,0.0025141575630885935
7062.890473365647,0.09986134400856836,0.002511764707068529
7086.501688445705,0.09176242018470199,0.00316466527924458
7110.191835724931,0.08752226425493692,0.00334580483273751
7133.961179073358,0.09371482670822544,0.0028348398280219882
7157.809983243131,0.09880363921278491,0.00249816769560944
7181.738513871466,0.08840522157687726,0.0025482464737581873
7205.747037483605,0.09483062688427701,0.002700915706368796
7229.835821495773,0.10225736600448174,0.0026911013818125616
7254.005134218174,0.09308361541626706,0.002675817479013761
7278.255244857964,0.09382691387631611,0.0027096558901770072
7302.586423522268,0.08573327079792695,0.0026660948990582718
7326.998941221176,0.08218757907948185,0.0027834415953033125
7351.493069870756,0.07580874167367771,0.0027376837423048936
7376.069082296098,0.07091006944049051,0.002747250126765241
7400.727252234339,0.06899639920746621,0.002723152972546395
7425.467854337722,0.05924098686829043,0.0025180548197139534
7450.291164176657,0.0565347430891526,0.002641382656183921
7475.197458242774,0.060794482703263465,0.0025729860592145874
7500.187013952019,0.05032534304072292,0.0023922797901364326
7525.260109647734,0.05688498442576478,0.002294241045899523
7550.4170246037675,0.060312562642794325,0.00222079207314086
7575.658039027581,0.0544733476666424,0.0021891344189030647
7600.9834340633615,0.052846942914742866,0.0021669852893159507
7626.393491795165,0.0565333375259673,0.0021583530736044377
7651.888495250046,0.05843567516315647,0.002194987296770418
7677.468728401224,0.060425323240925165,0.0021974863528334537
7703.134476171246,0.058638764502980126,0.0022249612255084163
7728.886024435141,0.046892362534287815,0.0026982454958980042
7754.723660023623,0.05691911147448561,0.002576809385748485
7780.6476707262755,0.07006722760780458,0.0028247946663067956
7806.658345294771,0.0638119680445508,0.002802440699884407
7832.755973446074,0.06983333656469574,0.002776538810886925
7858.940845865665,0.08242672902874883,0.0029417042153833967
7885.213254210794,0.07990559247518199,0.002897028654057387
7911.573491113709,0.07134794640697667,0.00264324440321464
7938.021850184939,0.07539549430705478,0.0025012738077318567
7964.558626016547,0.06816534765226237,0.0022926986972572443
7991.184114185413,0.06357779986037813,0.0022668020123295667
8017.898611256533,0.06344665400334772,0.0022466554392671905
8044.702414786312,0.0634090250876868,0.0024069525832716644
8071.595823325894,0.05637259779045984,0.0024964840016760506
8098.57913642448,0.04815978914144656,0.0023323918686517535
8125.652654632648,0.03787137771622798,0.002078771754898624
8152.81667950573,0.026319988663384503,0.0021290568960509472
8180.07151360715,0.03283756049178209,0.002948692858082246
8207.417460511802,0.022599554282463456,0.002511492399840239
8234.854824809423,0.023285459427559434,0.0030528010795858695
8262.383912108004,0.03375944144593011,0.002729252641875916
8290.005029037178,0.023764833001294134,0.002832486344726474
8317.718483251632,0.045447154636661456,0.002924289360875172
8345.524583434553,0.04046591896364611,0.0029244585001280904
8373.42363930105,0.04418897963204898,0.0026546132434628845
8401.415961601604,0.055177929196945794,0.0026516485098110167
8429.501862125539,0.06977941885796962,0.0024888694171289276
8457.681653704487,0.06858500648875007,0.0024829163048861597
8485.955650215876,0.07385759048487461,0.002471585289112758
8514.324166586423,0.08245999877675306,0.002466677627983026
8542.787518795645,0.07867764494077356,0.002531083074995547
8571.346023945849,0.08075248775385413,0.0025247798385239525
8600.000000000004,0.07951062225327377,0.002587645520864237
