wave,flux,sigma
3300.0000000000005,0.05722090032086468,0.004967856403163785
3311.0318870238752,0.057814866267038745,0.0049343009464902455
3322.1006535769357,0.06200700030862806,0.004763796468771599
3333.2064229988164,0.060534886452297036,0.004679426664635139
3344.349318964206,0.06360139508069923,0.004549801503512664
3355.52946558699,0.05561106338706978,0.004486786092741967
3366.7469873959726,0.06167350441559555,0.004429599190712641
3378.0020093362546,0.06637919473011308,0.004341121329314811
3389.2946567706267,0.07081790448041542,0.004385581507903478
3400.6250554809667,0.07267393616617636,0.004308738985607832
3411.9933316696415,0.07808136495908809,0.004137214143109082
3423.3996119609133,0.0689449340038581,0.004149507841385212
3434.844023402349,0.07686518907926859,0.004094722304576846
3446.3266934662315,0.07850211902424964,0.004060397530645237
3457.847750050986,0.07524134032213255,0.004014917580879993
3469.4073214825994,0.07794378956588145,0.004037093442862332
3481.0055365160556,0.08943044861408442,0.004000641367752499
3492.6425243367635,0.0939197308856113,0.0039129700664978576
3504.318414561997,0.10444019698092367,0.0038595740393516055
3516.033337242342,0.11439539416177626,0.003909582178297441
3527.7874228631417,0.1283716510824609,0.003973373193340808
3539.5808023459526,0.13769372809081024,0.004020217706774313
3551.4136070500026,0.15048666088495216,0.004026577362769636
3563.28596877365,0.16176751903153516,0.004060203778524507
3575.198019755855,0.1779472075618123,0.004069786465995208
3587.149892677652,0.18307751283403295,0.0040970970145608136
3599.1417206636297,0.18784769783687572,0.004066105695266596
3611.173637283412,0.1723380303633395,0.004023138479774656
3623.2457765531435,0.16524338319202803,0.003915982236556822
3635.3582729369846,0.16181247236443438,0.0038458463024662816
3647.511261348607,0.17530753743106162,0.0037518601700856284
3659.7048771527016,0.17611720971955266,0.0036934471340957105
3671.9392561664827,0.1760296312081106,0.003588960925187691
3684.2145346612006,0.1559182503042468,0.003426894745905313
3696.5308493636576,0.12906405535814536,0.003222208858666277
3708.8883374577335,0.10378911309025382,0.0030684345426387817
3721.2871365859164,0.08720494842628931,0.002955174854775568
3733.7273848508326,0.07662853043263099,0.0028153563193229606
3746.2092208167815,0.08663772935397654,0.002790928311533773
3758.7327835112833,0.10058992089037713,0.0029523578409511213
3771.298212426627,0.10489060314373538,0.002999266916881108
3783.9056475214256,0.09663855755871423,0.002911217932204003
3796.555229222173,0.10005993860789086,0.002851391203243067
3809.247098424805,0.10458292893393543,0.0028259810896873396
3821.981396496276,0.11074734350411611,0.002840502711402774
3834.758265276125,0.13328257262812931,0.0029606935084313937
3847.577847078064,0.1487813731789999,0.0031148514342382912
3860.4402846915605,0.19383269314902596,0.003297801764215506
3873.3457213834213,0.22939542486094988,0.003566949969466768
3886.294300899397,0.25382564721458334,0.00368524569651435
3899.2861674657775,0.26850133580760893,0.003629754329000161
3912.3214657910025,0.27235624175854733,0.0035081045084192682
3925.4003410672735,0.28613725822161107,0.0034069516877583157
3938.5229389721653,0.28336469459729197,0.0034232489185235747
3951.689405670252,0.2960796041988414,0.0034248986566452477
3964.8998878147377,0.27841863641819875,0.0034287664642602246
3978.154532549086,0.26702396014064167,0.0034082976443943723
3991.453487508664,0.2265235359302058,0.003254277385766926
4004.796900822377,0.20692347088779453,0.0030785772651120823
4018.18492111433,0.19716620102543908,0.00298786409931478
4031.617697505474,0.2048863776674819,0.0029210468470591174
4045.0953796152735,0.21850529855399256,0.002947988103855025
4058.618117563371,0.24084217880560693,0.003020624046662091
4072.1860619712556,0.23691356017754417,0.0030344568512046277
4085.799363963945,0.24122205244909775,0.002968131074240186
4099.458175171663,0.23188193934377874,0.0028982695504348533
4113.162647731542,0.22453557689893555,0.0028470401564651667
4126.912934289301,0.2266445203942633,0.002849965493537009
4140.709188000954,0.22817802404895848,0.002857413051704586
4154.551562534517,0.22707342922947107,0.002873811611104604
4168.440212071713,0.24258798653481545,0.0028741786082423426
4182.3752913097,0.23211374723758565,0.002879141804223567
4196.356955462785,0.23730358632909582,0.002876075222232516
4210.385360264156,0.23246591924144805,0.0028553027380789843
4224.460661967617,0.22999552420044586,0.002832020546954142
4238.583017349324,0.22243322949807592,0.0027649482883284767
4252.752583709542,0.20557346795147613,0.0026665258483080357
4266.969518874386,0.19259910126550714,0.0025778333270091835
4281.233981197582,0.18484699920084985,0.0025228775324688266
4295.5461295622345,0.1779202958893238,0.0024928560999904754
4309.906123382591,0.17337478446509358,0.0024789560672520343
4324.314122605823,0.16966555811110834,0.0024706246550938032
4338.770287713807,0.1611942059047759,0.0024074141982578156
4353.274779724901,0.1592743094792664,0.002359218333571367
4367.827760195754,0.162544192350924,0.002358810923612863
4382.429391223097,0.15145702371841838,0.002345661353773091
4397.079835445547,0.1475147346193608,0.0022971329420606607
4411.779256045427,0.14300495002287578,0.002281458762855863
4426.527816750571,0.1495090683155766,0.0023003260458417376
4441.32568183616,0.16511344146299584,0.002343580429958519
4456.17301612654,0.1881448123159597,0.002427881160532717
4471.06998499707,0.19928378609152456,0.00246440878203733
4486.01675437596,0.20872514508218926,0.002502857670201717
4501.013490746111,0.2158672608205829,0.00252668605809517
4516.060361146975,0.23029269074837183,0.002563783524333863
4531.157533176423,0.25151691512430596,0.0026148080154656107
4546.3051749926035,0.2586116326972546,0.0026211880370746875
4561.503455315809,0.2654201927470209,0.0026454880205079444
4576.752543430374,0.2667961215795652,0.0026370648301233287
4592.052609186547,0.2704146119470958,0.002643695095571993
4607.403823002376,0.2694298512307859,0.002653280122643282
4622.8063558656295,0.2658324201560759,0.0026067977410572517
4638.260379335682,0.24988401940650318,0.00254488068923804
4653.766065545426,0.221391853553556,0.002497303157011283
4669.323587203196,0.2042558861945551,0.002444619773645262
4684.933117594696,0.20241096995535784,0.002374609016033334
4700.594830584916,0.19243931796650948,0.00233229159658514
4716.308900620076,0.1872352964212693,0.002289788457609125
4732.075502729573,0.15963718567219523,0.0022197212065674355
4747.894812527928,0.14222655863442668,0.0021672123223748186
4763.767006216733,0.1367672611977705,0.002178682358922313
4779.692260586626,0.14695492186737785,0.0022569738503518226
4795.67075301926,0.1623354709914001,0.0023675394590386765
4811.702661489265,0.16572639189507452,0.0024406507012336314
4827.7881645662455,0.14394388154651655,0.002476815477330436
4843.927441416762,0.13115073819197137,0.0025420627451875322
4860.120671806329,0.13159144336823028,0.002701847351470494
4876.368036101411,0.14134674407457898,0.002921397620594929
4892.669715271444,0.15796724913710733,0.0031614095082823737
4909.025890890844,0.1673954720672299,0.003338625988680072
4925.436745141022,0.1721464547714099,0.003368273538895061
4941.902460812428,0.16491292025117615,0.0030708818247942196
4958.423221306581,0.1503579239161017,0.0027583851055427264
4974.999210638101,0.1349389940302837,0.0026944638357611315
4991.630613436779,0.12616107689747647,0.003511499983277689
5008.317614949616,0.12685066644925555,0.004081905473300228
5025.060401042893,0.13197945582735232,0.0034467930713293986
5041.8591582042445,0.13899082318108336,0.0030615476595629728
5058.71407354473,0.14187408887142755,0.0029105234058189942
5075.625334800925,0.15837958827589504,0.002887431635231771
5092.593130337,0.16990210519366078,0.002898670439809984
5109.61764914683,0.17802922173736951,0.0028515002270230964
5126.699080856102,0.19028465211475543,0.0027724699508667482
5143.837615724411,0.20001198762246922,0.0026793872734125397
5161.033444647393,0.20964354462786985,0.0026096322439163946
5178.286759158847,0.21648085269105666,0.002528195102333901
5195.59775143287,0.2218218346067032,0.0024147448476681804
5212.966614285993,0.2234815882666802,0.0023780471791284667
5230.393541179339,0.225017200719269,0.002312937281598011
5247.878726220767,0.2159324886931951,0.0021786091799696206
5265.4223641670305,0.1954783679728665,0.0020514034401562147
5283.024650425963,0.18145560998615112,0.0019745395293052272
5300.685781058646,0.18134296143318537,0.0019339596687370298
5318.405952781588,0.1818270901206729,0.0018775602907394478
5336.185362968923,0.17212355582057132,0.0018182717452903602
5354.024209654601,0.17217266740366224,0.0017655201608988988
5371.922691534604,0.16583016552099714,0.001715457327199957
5389.88100796915,0.163027328610293,0.0018272563210572645
5407.899358984922,0.1653840656447132,0.0018711649158687158
5425.977945277293,0.15996292978148108,0.0017685134007985996
5444.116968212549,0.15265445062980143,0.0015567665427256834
5462.316629830153,0.1428501559141018,0.0015111062806968012
5480.577132844979,0.14765737961582537,0.0015010944466444982
5498.89868064958,0.15019296974461138,0.0014933453708035663
5517.28147731645,0.15818422986226788,0.0014617259694462501
5535.725727600293,0.15807146318483006,0.0014309326626408935
5554.23163694031,0.15465446525806345,0.0014060748848511843
5572.79941146248,0.1485580194068607,0.0013797824567063502
5591.429257981867,0.14671118505010397,0.0013345827790705955
5610.121384004915,0.14119818502371806,0.0013052265204886203
5628.875997731756,0.1396815160729773,0.001283664194693242
5647.69330805854,0.13482303447714072,0.0012515328424891879
5666.573524579752,0.1353543335430291,0.0012330642050723947
5685.516857590555,0.12888734198674395,0.0012154323014698359
5704.523518089128,0.12354730455324257,0.0012215821102459922
5723.593717779009,0.12553236114503108,0.0012098697859456
5742.727669071467,0.13137664941607316,0.001185442562575295
5761.925585087854,0.13824421490718475,0.0011998184965064385
5781.187679661996,0.14711657866914168,0.00120254912547605
5800.5141673425605,0.15964514955328704,0.0012153941574083666
5819.905263395445,0.1717320765210659,0.0012406326845381308
5839.361183806187,0.18199545880770965,0.0012465811918617857
5858.882145282354,0.18670013102572497,0.0012342340219663691
5878.468365255977,0.18631487855016565,0.0012162051909115827
5898.12006188596,0.1757754751100834,0.0012024096431985769
5917.837454060502,0.17715787382012663,0.0011833055989297983
5937.620761399551,0.16425867218456383,0.0011488353181585893
5957.470204257241,0.16003036053678066,0.0011149391284106355
5977.386003724353,0.15371944640112456,0.0010876564755233228
5997.368381630775,0.1461308946946308,0.0010570192589397424
6017.417560547961,0.1379443608789289,0.0010310201923552566
6037.533763791432,0.13831464699747198,0.0010261818947247345
6057.717215423248,0.13832523518508616,0.0010242745668703722
6077.968140254503,0.12976793835488976,0.0009885734391883543
6098.286763847838,0.10011227229722895,0.0010906656554008454
6118.673312519953,0.072227960227463,0.0010088901511384255
6139.128013344114,0.0656142966458821,0.0007533556116931723
6159.651094152697,0.06218844235294003,0.0008181707153082234
6180.242783539723,0.0742913417123845,0.0008479449328050042
6200.903310863401,0.09353518649687774,0.0008073653772749922
6221.632906248681,0.10401719102497525,0.0008438302937284994
6242.431800589825,0.11312179068029689,0.000862191986222269
6263.300225552964,0.11848604968529919,0.0008727798379781758
6284.238413578695,0.11901235158375299,0.0008757707427911226
6305.246597884667,0.11941816505762654,0.0008663705682001961
6326.325012468166,0.11741062986806497,0.0008549774452762815
6347.4738921087355,0.1171638622567306,0.0008531602551605752
6368.693472370778,0.11421057101717966,0.0008401634624275443
6389.9839896061985,0.11101168624007735,0.0008103463467805039
6411.345680957023,0.11190118243476241,0.0008047545747789729
6432.7787843580345,0.11024609799117753,0.0007957318815472964
6454.283538539437,0.11032975486062395,0.0007792917076363638
6475.860183029508,0.11010254398748093,0.0007715310410471935
6497.508958157264,0.10746761244689451,0.000768497101510981
6519.230105055148,0.10687588773012607,0.0007650621004858065
6541.023865661702,0.10320047748994503,0.0007541932688612577
6562.890482724266,0.10116847667628984,0.0007438244968704766
6584.830199801685,0.09572618361082905,0.0007218240306658183
6606.843261267024,0.08899460526652903,0.0007102283705697503
6628.929912310285,0.08679334336267785,0.0007105237444657189
6651.0903989411345,0.08148944705982739,0.000728010513640305
6673.324967991654,0.0792910383426272,0.0007273914527993947
6695.633867119077,0.07619131803477247,0.0006864492726047105
6718.017344808559,0.07416033345297648,0.0006598929713871297
6740.475650375945,0.07201662928714683,0.0006417542480520084
6763.009033970533,0.06909447510703996,0.0006297547890648956
6785.617746577873,0.06958522968122938,0.0006152639971247468
6808.302040022556,0.06697365979204842,0.0006018270553781068
6831.062166971027,0.06901677636037422,0.0006053571138018982
6853.898380934393,0.06600877742462381,0.0005979200040486538
6876.81093627124,0.06596724375909309,0.0005892357427080699
6899.8000881904845,0.06328886156159394,0.0005790706655081319
6922.866092754194,0.06305502643542599,0.0005756480265992111
6946.0092068804615,0.06146779673243055,0.0005775946550098556
6969.229688346255,0.06020889713134399,0.000572221910952198
6992.52779579028,0.05780666113005338,0.0005675490445823107
7015.903788715879,0.05849209311475169,0.0006109509015975823
7039.357927493908,0.05576783738303277,0.0006190139900735069
7062.890473365647,0.05557979804402167,0.0006048676119543939
7086.501688445705,0.05529514157721105,0.0005941560663372025
7110.191835724931,0.05157040179292191,0.0005972963299139412
7133.961179073358,0.052706623047540174,0.0005844719436527549
7157.809983243131,0.05157029276101027,0.0005645685588859753
7181.738513871466,0.05287098602879419,0.0005459797178641968
7205.747037483605,0.05194585929028554,0.0005343474573504362
7229.835821495773,0.05312168221064453,0.0005432408458653137
7254.005134218174,0.05233650188517726,0.0005526818570559255
7278.255244857964,0.05238143189452764,0.000548048265360027
7302.586423522268,0.049545379665124255,0.0005420902968758077
7326.998941221176,0.04548963420060283,0.0005171949747728675
7351.493069870756,0.04444828446290083,0.0005980770699199773
7376.069082296098,0.04350716120181419,0.0007526485463168452
7400.727252234339,0.03889723119686562,0.0006633618739676577
7425.467854337722,0.03749426504032237,0.0005443209495112845
7450.291164176657,0.035781330623585586,0.0004948419091163346
7475.197458242774,0.03240986856089717,0.0005314968495992076
7500.187013952019,0.030724602060668304,0.0005398241163338522
7525.260109647734,0.030907425970419868,0.0005269105208460711
7550.4170246037675,0.03140466622513974,0.0005149607726343451
7575.658039027581,0.030623068641052936,0.0005330246273993049
7600.9834340633615,0.031470188310475766,0.0005444847640736178
7626.393491795165,0.0334950447532424,0.0005555161987320246
7651.888495250046,0.03249638115156002,0.0005373503706045182
7677.468728401224,0.03154724812493977,0.0005559486805371544
7703.134476171246,0.03191362160946268,0.0005193817561321085
7728.886024435141,0.03235457407118806,0.000534300926072112
7754.723660023623,0.033725974556428444,0.0005335139834670726
7780.6476707262755,0.034718817128973706,0.0005193020655946001
7806.658345294771,0.036641323264950856,0.0005030597422037851
7832.755973446074,0.03826258930183686,0.0005004530227752961
7858.940845865665,0.03821844469040787,0.0004975299401266085
7885.213254210794,0.03868132115917894,0.0004990402199255823
7911.573491113709,0.03797120189940455,0.0005010334295828631
7938.021850184939,0.03521844340644748,0.0004889589316361514
7964.558626016547,0.03344104447099398,0.0004757031310212867
7991.184114185413,0.031087371072778376,0.0004693795847061771
8017.898611256533,0.02888733757815085,0.0005096106348941655
8044.702414786312,0.02543936486060881,0.0005608180966367942
8071.595823325894,0.02494604287429511,0.0005258874787467272
8098.57913642448,0.02559862401628399,0.000570803069511729
8125.652654632648,0.025336823363232532,0.0005276890409018362
8152.81667950573,0.024762586993313983,0.0005626725471608786
8180.07151360715,0.023442055593289143,0.0005436637371427289
8207.417460511802,0.01952583552453167,0.0004965749836216965
8234.854824809423,0.017331646742147502,0.0004585701248889026
8262.383912108004,0.018031741377624567,0.00044586685540779907
8290.005029037178,0.023846660734937884,0.00044905620516045013
8317.718483251632,0.025577949944449542,0.00044351226660247834
8345.524583434553,0.024418911814775304,0.0004893836839689413
8373.42363930105,0.025963088926198603,0.000581499358669046
8401.415961601604,0.030471351718633778,0.0005937480977852715
8429.501862125539,0.03783953777303622,0.0005309883063542786
8457.681653704487,0.04259279501471323,0.000516770969271564
8485.955650215876,0.04808150274230169,0.0006288715004543105
8514.324166586423,0.05403874193761134,0.0006945855990471082
8542.787518795645,0.053381107149804374,0.0006728266160086643
8571.346023945849,0.05697705888953734,0.0007199179669754589
8600.000000000004,0.057012848222907725,0.0006729154157027864
