wave,flux,sigma
3300.0000000000005,0.09870467159801016,0.008242460381913869
3311.0318870238752,0.10045421580843965,0.00806347274812702
3322.1006535769357,0.11817947106412255,0.007803352122057418
3333.2064229988164,0.11978150543732174,0.0077744573358616426
3344.349318964206,0.11473601249491833,0.007632089822300723
3355.52946558699,0.1311014964872409,0.0076025754806116706
3366.7469873959726,0.11984389347208128,0.007534392027325776
3378.0020093362546,0.12102270166314978,0.007311202700098262
3389.2946567706267,0.13550556806076092,0.007282285340473797
3400.6250554809667,0.1382042576309659,0.007081724530586327
3411.9933316696415,0.15329240479500625,0.0069048646005830374
3423.3996119609133,0.16141759925150914,0.0071224021305713505
3434.844023402349,0.16773070417603217,0.00724162312618968
3446.3266934662315,0.1744953046436371,0.0070523679260301704
3457.847750050986,0.18264517949519443,0.006938935348362234
3469.4073214825994,0.1953273141236711,0.006871112993964938
3481.0055365160556,0.199769803856814,0.006768435190931792
3492.6425243367635,0.19623472595952227,0.006610520607324092
3504.318414561997,0.21355912370040106,0.006578480647415776
3516.033337242342,0.22349271852828584,0.006593846135000626
3527.7874228631417,0.23111462808074246,0.006602640952419707
3539.5808023459526,0.25032261124703936,0.006479549509325241
3551.4136070500026,0.24305256607983594,0.0064338818058728795
3563.28596877365,0.25978194479107297,0.0064754321149319985
3575.198019755855,0.27858891290792875,0.0065259201215435644
3587.149892677652,0.26869371379618207,0.006552474457721675
3599.1417206636297,0.271441021530347,0.006496948670185467
3611.173637283412,0.26305035908566815,0.006428999859097119
3623.2457765531435,0.26237518292518475,0.006281078558955579
3635.3582729369846,0.27440314341578687,0.006136562287933962
3647.511261348607,0.280135186193299,0.0059671759571473795
3659.7048771527016,0.2576102081218249,0.005756597162673104
3671.9392561664827,0.2387187053137355,0.005446021004914327
3684.2145346612006,0.20457262309771126,0.005184273227855757
3696.5308493636576,0.18208076555883135,0.004962615071213195
3708.8883374577335,0.15269756054084332,0.004813714072240329
3721.2871365859164,0.1374835320141301,0.004722797765506989
3733.7273848508326,0.14457296031287703,0.004590920346439846
3746.2092208167815,0.1280709582546381,0.00451727058011615
3758.7327835112833,0.12997735247922682,0.004532648097715048
3771.298212426627,0.13813344987762183,0.004494270938113451
3783.9056475214256,0.13210042389853405,0.004336538829964415
3796.555229222173,0.13032907905878174,0.00427136160803488
3809.247098424805,0.13532288694286967,0.004302608802752239
3821.981396496276,0.15165664162836429,0.004354087056451168
3834.758265276125,0.17280672139461012,0.004585046157110237
3847.577847078064,0.2126618482028238,0.004927928006839688
3860.4402846915605,0.2615233451230129,0.005240636575537584
3873.3457213834213,0.30822629253731243,0.005326356837861621
3886.294300899397,0.33821007799745956,0.005231144601529465
3899.2861674657775,0.3555082205443461,0.005162750333112191
3912.3214657910025,0.3546045118899718,0.005125779153517101
3925.4003410672735,0.36769836894178987,0.005122960832938895
3938.5229389721653,0.3773507197770306,0.005246619736582321
3951.689405670252,0.3686739922449306,0.005263080487193864
3964.8998878147377,0.3363584533156114,0.005119650943073291
3978.154532549086,0.3067667675324963,0.004920432746157276
3991.453487508664,0.29155051935584364,0.0046616180469746344
4004.796900822377,0.29136610064894697,0.0045821872628585645
4018.18492111433,0.29466015363785886,0.004619390609832322
4031.617697505474,0.3171228752492102,0.004578069998204696
4045.0953796152735,0.3289239047722655,0.004614042649935896
4058.618117563371,0.35856535052366867,0.004734176898457435
4072.1860619712556,0.36535206991308844,0.004796483825205425
4085.799363963945,0.3713693682003566,0.00470766105712446
4099.458175171663,0.36374952454927634,0.004614221207885757
4113.162647731542,0.3593489918664421,0.004574232030289901
4126.912934289301,0.353756777914731,0.00452799739792915
4140.709188000954,0.3326951141345588,0.004458294024627427
4154.551562534517,0.33050194231016566,0.0044414386134486806
4168.440212071713,0.3345449252720922,0.00443431282865897
4182.3752913097,0.33009860937213387,0.004436920706630194
4196.356955462785,0.3170737154093712,0.004387153300429233
4210.385360264156,0.301723757471562,0.004290413894340751
4224.460661967617,0.27634590267284875,0.004180814240644808
4238.583017349324,0.2706567579440091,0.00405941767882253
4252.752583709542,0.2506819491156169,0.003959939594921036
4266.969518874386,0.24495854977724157,0.003827596529588731
4281.233981197582,0.21618571055015157,0.003679861832002245
4295.5461295622345,0.1879531199000028,0.0035373597764198393
4309.906123382591,0.18442050226829404,0.003542538088867307
4324.314122605823,0.20517789351701043,0.0036310831437755525
4338.770287713807,0.20953415653381227,0.0036406588482350262
4353.274779724901,0.21392795624730004,0.003609639247869947
4367.827760195754,0.22708774597815462,0.0036524851323111018
4382.429391223097,0.22559583650163395,0.003720554832464169
4397.079835445547,0.2504920371139462,0.0037213204998778936
4411.779256045427,0.24463525005686515,0.0037147656874178875
4426.527816750571,0.23422414924807147,0.0036824211233864854
4441.32568183616,0.2344892489304024,0.0036415599355806173
4456.17301612654,0.2530304256949931,0.003720439984177068
4471.06998499707,0.2762977346071117,0.0038133499442328336
4486.01675437596,0.28988880284649826,0.0038757529477409978
4501.013490746111,0.29851669293569977,0.003914102448844459
4516.060361146975,0.3170664359030595,0.003928379843289336
4531.157533176423,0.3081560569527788,0.0039150813249799596
4546.3051749926035,0.30636352649504317,0.0038528490751167225
4561.503455315809,0.2953138331293274,0.0038345292960165036
4576.752543430374,0.2985435105375042,0.0037938527597850056
4592.052609186547,0.29918487497849905,0.0038177257720710695
4607.403823002376,0.3001803072480233,0.003840741026564138
4622.8063558656295,0.29687780471095404,0.0037782985504040824
4638.260379335682,0.2829358391206346,0.0036976229541100486
4653.766065545426,0.25361477956786993,0.003648697506952983
4669.323587203196,0.2444221101102303,0.0036080861704742514
4684.933117594696,0.24350245122386588,0.0035279607098852753
4700.594830584916,0.22486903852423,0.003453722386100386
4716.308900620076,0.22298604781989148,0.003436426328124929
4732.075502729573,0.21254773038510763,0.0034502538276436658
4747.894812527928,0.19741288875070123,0.003445930324206974
4763.767006216733,0.19220383873608857,0.0035175754090023717
4779.692260586626,0.19812416718856962,0.003659799758175945
4795.67075301926,0.1983285950198471,0.003829314637267887
4811.702661489265,0.19099024578239474,0.003990590798323445
4827.7881645662455,0.1660056415334716,0.004117321072787415
4843.927441416762,0.15318360818701277,0.0043030048904459835
4860.120671806329,0.1515245532284041,0.004528793396900045
4876.368036101411,0.15878677003347685,0.004729535595522524
4892.669715271444,0.17654066171114777,0.004843415205922878
4909.025890890844,0.17806411421992174,0.004832191759268215
4925.436745141022,0.1816045598737176,0.004746220315894352
4941.902460812428,0.186961756306913,0.0042858458219772145
4958.423221306581,0.18087768460475623,0.004282360920974345
4974.999210638101,0.17463342361894152,0.004594859169538261
4991.630613436779,0.1723533145033338,0.006269278471093843
5008.317614949616,0.17912763717316282,0.005171238268932318
5025.060401042893,0.18434013066392502,0.004721531854263163
5041.8591582042445,0.1901696123831304,0.0046109041150418535
5058.71407354473,0.20471791188997407,0.004544790672242164
5075.625334800925,0.20829996830628283,0.004494385538694042
5092.593130337,0.22753031155047304,0.004358676289558535
5109.61764914683,0.2427001931504168,0.004228771393909722
5126.699080856102,0.2536017680101202,0.004055961771058309
5143.837615724411,0.2484121969123234,0.003845230036579075
5161.033444647393,0.2504472088610337,0.0036820318104474987
5178.286759158847,0.24173800515553906,0.003541092803339
5195.59775143287,0.2541202208438774,0.0033902829404751475
5212.966614285993,0.24818975815963518,0.003327761745822883
5230.393541179339,0.2346231598841645,0.00316231141181265
5247.878726220767,0.21164372481245317,0.002922448304517009
5265.4223641670305,0.18837583733932595,0.002739135729641159
5283.024650425963,0.1750655888055933,0.002631996572453522
5300.685781058646,0.16799900312754054,0.0026005640152015207
5318.405952781588,0.17752290601483384,0.002537240496505112
5336.185362968923,0.16787452115359397,0.002473427620390758
5354.024209654601,0.18070056259349299,0.002454066265242408
5371.922691534604,0.19883750923864596,0.0025403488458214116
5389.88100796915,0.20649724328094693,0.002777763051971411
5407.899358984922,0.18472032751473755,0.0026957274409408747
5425.977945277293,0.17223406388717105,0.0022453185712362966
5444.116968212549,0.15894286684280537,0.00215445010206106
5462.316629830153,0.1542062753843759,0.00209064784546287
5480.577132844979,0.16078285342197796,0.0020816007533038514
5498.89868064958,0.1719787455529819,0.002102902835300625
5517.28147731645,0.19792679866968715,0.0021205059865676296
5535.725727600293,0.2159810191212305,0.0021418977421222003
5554.23163694031,0.221724975784991,0.0021534181420172498
5572.79941146248,0.22692140444532136,0.002140031534535552
5591.429257981867,0.22776061838441813,0.0021066139833692014
5610.121384004915,0.2352592452108365,0.0020935885376958774
5628.875997731756,0.23435811949201732,0.0020753685275321405
5647.69330805854,0.22858940499227448,0.0020280129856385496
5666.573524579752,0.22615283714833237,0.002022670426661719
5685.516857590555,0.22274635661275033,0.002042031482555448
5704.523518089128,0.21051730497868013,0.0020007037940279328
5723.593717779009,0.2055828439180432,0.0019044413158162503
5742.727669071467,0.1897947960259866,0.0018186060716074539
5761.925585087854,0.1803911671276766,0.00177344566917092
5781.187679661996,0.18403296259468258,0.001738526576777357
5800.5141673425605,0.18756690269438026,0.001730021116135673
5819.905263395445,0.19849775578599915,0.0017456739715090229
5839.361183806187,0.20699929354860336,0.0017315988541174387
5858.882145282354,0.20426381327096216,0.0017011119932709307
5878.468365255977,0.20875766902950804,0.0016836727102833436
5898.12006188596,0.20046334378095562,0.0016813127698358144
5917.837454060502,0.207211518275098,0.001683137551976022
5937.620761399551,0.21017403929472384,0.001664783898142117
5957.470204257241,0.20750918724581666,0.0016426054264018462
5977.386003724353,0.20999244277207124,0.001614837452444598
5997.368381630775,0.2057039109225307,0.0015899699051154029
6017.417560547961,0.19934722325672505,0.0015703353150007709
6037.533763791432,0.1848225428267687,0.0015178295476383145
6057.717215423248,0.15418549876376525,0.001426729979449635
6077.968140254503,0.12477835606083622,0.0013457957492623552
6098.286763847838,0.0923263800022277,0.0012235586679824179
6118.673312519953,0.0729445375415041,0.0010839051105233865
6139.128013344114,0.07204789448020511,0.0010593313158272894
6159.651094152697,0.07689830882890367,0.0010863372539812132
6180.242783539723,0.09275881521129753,0.0011174266333144327
6200.903310863401,0.11721871894311665,0.0011683163317773083
6221.632906248681,0.14136628492160241,0.0012466162956692418
6242.431800589825,0.15844830515135416,0.0013147999464570828
6263.300225552964,0.17811093498222447,0.0013465287453962654
6284.238413578695,0.18069472666893593,0.001355608187828045
6305.246597884667,0.18795438109082221,0.001359540296382782
6326.325012468166,0.189188903601194,0.0013572376062179552
6347.4738921087355,0.18776910273365582,0.001349625127167201
6368.693472370778,0.18233048235508925,0.001316759321240074
6389.9839896061985,0.1865870380804663,0.0012860620156626911
6411.345680957023,0.18108702180986744,0.0012742769696576942
6432.7787843580345,0.17248117385524991,0.0012393445333452882
6454.283538539437,0.16276837478369138,0.0011949008406925794
6475.860183029508,0.16231915229639313,0.0011779502830055733
6497.508958157264,0.1585856736772466,0.0011680613571127822
6519.230105055148,0.1505117362727862,0.001151451327167738
6541.023865661702,0.14732342384753871,0.001134027644326704
6562.890482724266,0.1448267448849632,0.0011105519498278245
6584.830199801685,0.1383528150373044,0.0010982613418471833
6606.843261267024,0.13337022864899195,0.0011053827321818282
6628.929912310285,0.12944803413901912,0.0011261034198142886
6651.0903989411345,0.1208207320155393,0.0011396577554262108
6673.324967991654,0.11876032906615888,0.0010868446140000763
6695.633867119077,0.11709779939564674,0.001038453949656771
6718.017344808559,0.10887360596885,0.0009928406295372555
6740.475650375945,0.10600975535129645,0.000969810878420744
6763.009033970533,0.1017059434034445,0.000947629633135437
6785.617746577873,0.09884683981666109,0.0009167544223099803
6808.302040022556,0.0974228676191483,0.0009027356072944834
6831.062166971027,0.09550525126408099,0.000906278593371114
6853.898380934393,0.09542213044995879,0.0008941826031183686
6876.81093627124,0.09467829916236542,0.0008828022239957306
6899.8000881904845,0.0897746461836996,0.0008727478323229259
6922.866092754194,0.08970258510681031,0.0008685705532990282
6946.0092068804615,0.09031768222776543,0.0008752540041319053
6969.229688346255,0.08797212541371607,0.0008579115395340972
6992.52779579028,0.08435589090257088,0.0009348358760383984
7015.903788715879,0.08510860668542268,0.0009751259675851162
7039.357927493908,0.08697676486890296,0.0009573926808214493
7062.890473365647,0.08185338318377575,0.0009368726936761048
7086.501688445705,0.08331668112600601,0.0009435928229705928
7110.191835724931,0.07731114195468858,0.0009255870644403685
7133.961179073358,0.07799114923800703,0.0008872590525347877
7157.809983243131,0.0808265617273635,0.0008544340379185336
7181.738513871466,0.0781401036434911,0.0008347787436170897
7205.747037483605,0.07760860734022101,0.0008284358920472785
7229.835821495773,0.07642954573391302,0.0008370449290446358
7254.005134218174,0.0757262121638816,0.0008252388185671748
7278.255244857964,0.07505306460449063,0.0008452657746257455
7302.586423522268,0.07247811824748607,0.000814141259203309
7326.998941221176,0.0665663786188279,0.0008320635895333228
7351.493069870756,0.0606045285004124,0.00108469935569229
7376.069082296098,0.06295428072808595,0.001089643290344965
7400.727252234339,0.06110096623119933,0.0008977446939755769
7425.467854337722,0.057063374274317215,0.0007616957959617665
7450.291164176657,0.04958955847010496,0.000810740668446333
7475.197458242774,0.044635017127014495,0.0008328349205849578
7500.187013952019,0.04711665338416507,0.000827298388639617
7525.260109647734,0.05155802614896324,0.0008270171931174773
7550.4170246037675,0.05368162970150288,0.0008557627988401877
7575.658039027581,0.05516857831018817,0.0008611652468718093
7600.9834340633615,0.05700262687352067,0.0009070306969191852
7626.393491795165,0.06059108280289051,0.0008668825986986259
7651.888495250046,0.058873130459763605,0.0009129966048821332
7677.468728401224,0.05818769135182144,0.0008682582180967299
7703.134476171246,0.06014310102875729,0.0008700917633280908
7728.886024435141,0.06103750571950941,0.0008805367196170657
7754.723660023623,0.06384984439822221,0.000861731355813821
7780.6476707262755,0.06554597856180577,0.0008369020929722758
7806.658345294771,0.06793103967374951,0.0008102239507219665
7832.755973446074,0.0712435330944407,0.0008023314378037247
7858.940845865665,0.07010695219486884,0.0007975734859031251
7885.213254210794,0.07194463227935298,0.0008118750625104715
7911.573491113709,0.07205714090413382,0.0008128855741959975
7938.021850184939,0.06959871923835054,0.000795125418063589
7964.558626016547,0.06895738481471625,0.0007853355093506768
7991.184114185413,0.0647417777022597,0.0008304989793214225
8017.898611256533,0.06583437454559887,0.0009701820640353221
8044.702414786312,0.060302579554616785,0.0008712857277697999
8071.595823325894,0.062259676744226895,0.0009737612466751422
8098.57913642448,0.0604562764586143,0.0008886381610512942
8125.652654632648,0.05487339042511409,0.0009302433736882957
8152.81667950573,0.05030315970778758,0.0009265053827377751
8180.07151360715,0.04380627662973092,0.0008539165894599329
8207.417460511802,0.038399988952697466,0.0007830866264237205
8234.854824809423,0.037277869899386765,0.0007307292891012117
8262.383912108004,0.036249395660954475,0.0006856371697151833
8290.005029037178,0.03767658408630102,0.0006692472745130268
8317.718483251632,0.04154055313898691,0.0007228543555437716
8345.524583434553,0.045550115342057974,0.0008842164093123677
8373.42363930105,0.04672932671477399,0.0009328998303896437
8401.415961601604,0.052700731314700086,0.0008390817918546092
8429.501862125539,0.061533147111536325,0.0007692693814574231
8457.681653704487,0.06468330275869552,0.0008849903482567639
8485.955650215876,0.0729321144111363,0.0010850993927358499
8514.324166586423,0.07010830000462928,0.0009659226550740741
8542.787518795645,0.07071461543618929,0.001126767960522635
8571.346023945849,0.07131826055106945,0.0009773239620369419
8600.000000000004,0.07315155015463665,0.0010615944957109195
