wave,flux,sigma
3300.0000000000005,0.22088903337103505,0.05261484362376304
3311.0318870238752,0.07651735581351421,0.05140701530160247
3322.1006535769357,0.11893087589751997,0.05098041791685458
3333.2064229988164,0.16433177649900121,0.05122930734476978
3344.349318964206,0.16298229446950324,0.05032892377354834
3355.52946558699,0.19866077864707746,0.04946474372862539
3366.7469873959726,0.24914083986912242,0.04848272150519542
3378.0020093362546,0.2146068744449107,0.046111691459992867
3389.2946567706267,0.17449445807874067,0.0457060009351633
3400.6250554809667,0.059291019714425804,0.045070322798531216
3411.9933316696415,0.1346952226156144,0.04432147543719783
3423.3996119609133,0.23651419803257678,0.04501838258542519
3434.844023402349,0.22454164887276476,0.04399311004857882
3446.3266934662315,0.28293731730495564,0.04179171787062468
3457.847750050986,0.33174485989745583,0.04093628073226525
3469.4073214825994,0.24276258348111568,0.04139188397702508
3481.0055365160556,0.31067065273195127,0.04112317046181934
3492.6425243367635,0.22186590655128907,0.04013741892413403
3504.318414561997,0.3290113434657107,0.03935797367328676
3516.033337242342,0.3174611316453287,0.03911631782283063
3527.7874228631417,0.4088809082983842,0.03847843507266397
3539.5808023459526,0.3301327506246696,0.03831756731224873
3551.4136070500026,0.3828591626412501,0.03800970951911839
3563.28596877365,0.37409353948022495,0.037717132306682596
3575.198019755855,0.4309946290594812,0.037086343413943346
3587.149892677652,0.4593454020747099,0.03631750460998807
3599.1417206636297,0.4314753321184427,0.035369651895747256
3611.173637283412,0.38246974700723996,0.03483553040509152
3623.2457765531435,0.33761496181711936,0.03429322146542757
3635.3582729369846,0.28140848376817323,0.03362021869787773
3647.511261348607,0.22873373669986694,0.03310333885656486
3659.7048771527016,0.19632526579128834,0.032252702771693856
3671.9392561664827,0.10045232289860094,0.03106175680573389
3684.2145346612006,0.13465108318656466,0.0296778417582594
3696.5308493636576,0.11286344124822821,0.029406165496940168
3708.8883374577335,0.09771452871606895,0.029886902532733458
3721.2871365859164,0.07500914836139508,0.030521733329738066
3733.7273848508326,0.13800721093792598,0.030392777928135946
3746.2092208167815,0.2032093780595855,0.03125429451528484
3758.7327835112833,0.19267048873813353,0.032191428995286875
3771.298212426627,0.20060573822897268,0.031497043919476664
3783.9056475214256,0.1799245140511945,0.029347222514915203
3796.555229222173,0.2142817500857338,0.028455488283409158
3809.247098424805,0.26304769214257506,0.0284937237414228
3821.981396496276,0.26851836407311036,0.028411458866963887
3834.758265276125,0.29602587962084115,0.029184969815251444
3847.577847078064,0.34069987917091826,0.029828595585709283
3860.4402846915605,0.4113853411555982,0.02992888431728826
3873.3457213834213,0.5147240048221494,0.029609586883770883
3886.294300899397,0.5121324046394173,0.028815882476004234
3899.2861674657775,0.6139525756293804,0.02831059250013669
3912.3214657910025,0.5287403165576634,0.02801628119097173
3925.4003410672735,0.5939245060680713,0.027514645472673103
3938.5229389721653,0.5792808638879365,0.027449409024555532
3951.689405670252,0.592951462859294,0.027246452246947002
3964.8998878147377,0.6226421752261728,0.026640108305618363
3978.154532549086,0.4674424555477488,0.026219641962325787
3991.453487508664,0.4360523822666703,0.025612010762499103
4004.796900822377,0.42552173891163403,0.025547152209123427
4018.18492111433,0.4467772228896708,0.025481090473915714
4031.617697505474,0.45545901473091366,0.024920092408604894
4045.0953796152735,0.5218484924726332,0.02488158029257378
4058.618117563371,0.5297053030958268,0.0254720235006697
4072.1860619712556,0.5870955412196819,0.02548155669678048
4085.799363963945,0.5344986795188197,0.02502456440762264
4099.458175171663,0.4852402877783546,0.0247752434015809
4113.162647731542,0.5300726882759241,0.024527055048350753
4126.912934289301,0.47992781662614376,0.024331071529703457
4140.709188000954,0.4106674073268767,0.024326762064509146
4154.551562534517,0.47125512810196596,0.024532600993415716
4168.440212071713,0.496940789566024,0.024661843821629788
4182.3752913097,0.5160870826876747,0.024525891419033108
4196.356955462785,0.44229319679242574,0.024324223986584504
4210.385360264156,0.45307589120375685,0.024023648855040304
4224.460661967617,0.39284338189523627,0.023686424802986297
4238.583017349324,0.38354892393100026,0.02324671857087136
4252.752583709542,0.31989790821789865,0.022868359929990676
4266.969518874386,0.312594161962949,0.022500647655267075
4281.233981197582,0.27865073051715716,0.022095197099947814
4295.5461295622345,0.26568927922558006,0.021792930382864274
4309.906123382591,0.3332672896831182,0.021865797875163816
4324.314122605823,0.32413234757653225,0.022096300934359613
4338.770287713807,0.3425302685232475,0.021872516082257827
4353.274779724901,0.3092046056370291,0.02146374623563556
4367.827760195754,0.36948356411478844,0.02163644742588733
4382.429391223097,0.368232338180987,0.021879810109851943
4397.079835445547,0.39357094879619414,0.021576353174924862
4411.779256045427,0.3636425803736026,0.021341072687989418
4426.527816750571,0.34037963742678257,0.021330492773560614
4441.32568183616,0.36897776852549546,0.02125137851062193
4456.17301612654,0.380757319720052,0.021428068678275538
4471.06998499707,0.4104798032689483,0.021437728888161398
4486.01675437596,0.4215634819003499,0.02157067632041671
4501.013490746111,0.44958568889481065,0.02153871051409932
4516.060361146975,0.4496477451441296,0.021542972122546036
4531.157533176423,0.47742887208050705,0.021665202780831533
4546.3051749926035,0.44252283045206864,0.02130949545068674
4561.503455315809,0.4135592407239253,0.021311790302057206
4576.752543430374,0.42756489432608846,0.021340580747264578
4592.052609186547,0.43304155253119503,0.021665762658644262
4607.403823002376,0.4008536807943629,0.02198016301560597
4622.8063558656295,0.40302273430297075,0.022057931466100796
4638.260379335682,0.37245470508664275,0.022601809563378063
4653.766065545426,0.3605034036520091,0.02372441651589502
4669.323587203196,0.3167577296105185,0.02485690290661315
4684.933117594696,0.35778389669844274,0.026182156168942344
4700.594830584916,0.28185987422210595,0.027906074708478574
4716.308900620076,0.29562694736390305,0.030167838532200328
4732.075502729573,0.35823516191709137,0.03250942319984011
4747.894812527928,0.3123842184795148,0.03382975643825556
4763.767006216733,0.2806445117076987,0.03384948526835417
4779.692260586626,0.2529021850227231,0.032436007627813776
4795.67075301926,0.33659748398126904,0.029554692512241625
4811.702661489265,0.33188019415120595,0.02957101294487937
4827.7881645662455,0.3654917311247024,0.03250239938796877
4843.927441416762,0.10890870286374285,0.043742151527897205
4860.120671806329,0.1369838029035894,0.034940261054418546
4876.368036101411,0.17927372565732574,0.029521722249409944
4892.669715271444,0.23119695519119088,0.027226616393167473
4909.025890890844,0.20220466990823452,0.02653549277358956
4925.436745141022,0.29332012975758737,0.02640885584484674
4941.902460812428,0.33809674279070734,0.0254751384517001
4958.423221306581,0.308650383412293,0.023724548998732286
4974.999210638101,0.23209127037000546,0.02226689058683325
4991.630613436779,0.21772058183795318,0.020935439895515533
5008.317614949616,0.2002912952826318,0.019579429531845525
5025.060401042893,0.25476752073619147,0.01864695271446132
5041.8591582042445,0.21500521409506798,0.01792913170294857
5058.71407354473,0.2858250555624665,0.017182312856205875
5075.625334800925,0.32893057242410284,0.016842704088022777
5092.593130337,0.343602130829618,0.016499467696546054
5109.61764914683,0.4082287251171979,0.015993568457573694
5126.699080856102,0.3366809666977489,0.015452639086705753
5143.837615724411,0.2982430989845864,0.014889070827721505
5161.033444647393,0.3346905107672111,0.014613138049051556
5178.286759158847,0.32187053259273546,0.014320197902781412
5195.59775143287,0.31879076916595117,0.013902413434898363
5212.966614285993,0.33499445991139665,0.015541902077009161
5230.393541179339,0.3144408029660518,0.017987061777795015
5247.878726220767,0.25729206534333693,0.017080267611889514
5265.4223641670305,0.22477869587011978,0.012396586959737957
5283.024650425963,0.22131634094568833,0.012084632481229774
5300.685781058646,0.20389810566972108,0.011925634913990327
5318.405952781588,0.26036410246879765,0.011625776206130704
5336.185362968923,0.22096760779333402,0.011327804708011502
5354.024209654601,0.24419013806997025,0.01105595370862687
5371.922691534604,0.2413486162801971,0.010830531241168602
5389.88100796915,0.2677724584879174,0.010588614836433285
5407.899358984922,0.26559192059053394,0.01032773906893727
5425.977945277293,0.23345160708701992,0.010102791545515587
5444.116968212549,0.21987524498530264,0.00988269234645252
5462.316629830153,0.20480735382066326,0.009701758126229096
5480.577132844979,0.18250897771493452,0.009670421070204431
5498.89868064958,0.22440620516192678,0.009794041817714799
5517.28147731645,0.26650333507832114,0.010157039923843115
5535.725727600293,0.2551820530602723,0.010033071631300818
5554.23163694031,0.2777038687973097,0.009658170738549982
5572.79941146248,0.30892651336605126,0.009591419271569021
5591.429257981867,0.2863572720513961,0.009350219648070724
5610.121384004915,0.2969372732014629,0.009091600485521274
5628.875997731756,0.2752252694522149,0.0088986478086172
5647.69330805854,0.2800287941879923,0.008690219279821988
5666.573524579752,0.2991475924599088,0.008584672093034332
5685.516857590555,0.2731872175275756,0.00840452895278102
5704.523518089128,0.26863863519989173,0.008268031669727796
5723.593717779009,0.2687452649144174,0.008129100459459021
5742.727669071467,0.2475527408310566,0.007912688908770263
5761.925585087854,0.23474578472546453,0.007830110692725885
5781.187679661996,0.22731253902908105,0.007735472911116663
5800.5141673425605,0.2621594257606635,0.007679264174607692
5819.905263395445,0.23234868900269412,0.007665307166195136
5839.361183806187,0.2814617311707215,0.007703693127236156
5858.882145282354,0.2702088309367714,0.007645758491998027
5878.468365255977,0.25324159591231027,0.007477260038267384
5898.12006188596,0.23351280261161356,0.00819779643914751
5917.837454060502,0.25872164335278347,0.00825702174604732
5937.620761399551,0.2637276555688376,0.007281543463099069
5957.470204257241,0.2331888914610971,0.0072180425680618675
5977.386003724353,0.2333490059873487,0.007102090145296187
5997.368381630775,0.21164618314951988,0.006689153040799747
6017.417560547961,0.2201097001265489,0.0065456528629923095
6037.533763791432,0.21776500917662728,0.006482338904983419
6057.717215423248,0.21666192450527277,0.00654494049895147
6077.968140254503,0.1929813458350212,0.0065137848896831795
6098.286763847838,0.15854218514920057,0.006233968429529344
6118.673312519953,0.10917954118787324,0.0059610489480821805
6139.128013344114,0.09016138869553345,0.005859982819908584
6159.651094152697,0.08740431599948895,0.005786968697916355
6180.242783539723,0.11441495623324172,0.005687726201714355
6200.903310863401,0.130669953072852,0.0056149434695749985
6221.632906248681,0.1729924884365004,0.005704896644958966
6242.431800589825,0.2068783882889328,0.00572340059233126
6263.300225552964,0.21152689323131663,0.005682891154140843
6284.238413578695,0.22447332288987792,0.005674422711722538
6305.246597884667,0.2146985713202667,0.005618699518141428
6326.325012468166,0.22306822375519803,0.005535133955119854
6347.4738921087355,0.21498834357938748,0.005491601027736077
6368.693472370778,0.21586234659870257,0.005453246224557325
6389.9839896061985,0.2002382392241274,0.005458976254466481
6411.345680957023,0.20500521062967603,0.005721218233846684
6432.7787843580345,0.2072745288493439,0.005948911324398805
6454.283538539437,0.18432597105504633,0.005928883714125659
6475.860183029508,0.18176551204609298,0.005590471511813457
6497.508958157264,0.16809867999584532,0.005501092950691353
6519.230105055148,0.169171875027553,0.005400126547424504
6541.023865661702,0.17335792777986944,0.005377668755371412
6562.890482724266,0.14685234052404655,0.0054635503521960225
6584.830199801685,0.1606516222352241,0.005154522275975536
6606.843261267024,0.14143137470148295,0.004872986124966584
6628.929912310285,0.14744736989389312,0.00483728362864099
6651.0903989411345,0.1321117391421593,0.004769515083786955
6673.324967991654,0.14338175602991543,0.004703405430857041
6695.633867119077,0.12882610963922428,0.004669508561229552
6718.017344808559,0.12291455446385878,0.004696215108461426
6740.475650375945,0.12395468239063268,0.004622874611231152
6763.009033970533,0.1181586576952043,0.0045466435912714645
6785.617746577873,0.1014853933372391,0.005186066641455558
6808.302040022556,0.11523219968688539,0.005493046306823719
6831.062166971027,0.12385119412205864,0.005413658600771081
6853.898380934393,0.10243568339198454,0.005207706032066285
6876.81093627124,0.0950354666997841,0.00530168506540792
6899.8000881904845,0.08345451670567511,0.005182048781165414
6922.866092754194,0.09767296839114284,0.004888775829093826
6946.0092068804615,0.0975064882532581,0.004655007824080927
6969.229688346255,0.08631200429827975,0.0044669273643249095
6992.52779579028,0.1007754577562525,0.004512647917897158
7015.903788715879,0.09114898730029893,0.004670412041803373
7039.357927493908,0.09353331864874631,0.0045333136711475
7062.890473365647,0.0978757201153806,0.004696586006616735
7086.501688445705,0.07737383352460495,0.00453462755085258
7110.191835724931,0.09539050991224182,0.0049800923703534426
7133.961179073358,0.07099292265562947,0.006535735932477076
7157.809983243131,0.07780353049828792,0.006242139219386015
7181.738513871466,0.07764543089757961,0.005071899699985645
7205.747037483605,0.08358441273268685,0.004374692305467453
7229.835821495773,0.07610095472769149,0.005002015784307809
7254.005134218174,0.07585243945364331,0.005322113330525228
7278.255244857964,0.07992370022523554,0.005289061521186617
7302.586423522268,0.07389801402859314,0.005150869926403532
7326.998941221176,0.0633175893044218,0.005225418529609518
7351.493069870756,0.06418477579539651,0.005241976788851632
7376.069082296098,0.07990859889302332,0.005650717628802243
7400.727252234339,0.07004552676786754,0.0052453170389784535
7425.467854337722,0.07011237062632518,0.0056328222574511455
7450.291164176657,0.05198958281749437,0.0051066555363101845
7475.197458242774,0.06549442450799925,0.005231295665355508
7500.187013952019,0.033230915683279516,0.005211657521654326
7525.260109647734,0.046106802029949656,0.0049752461555098845
7550.4170246037675,0.053103505057916285,0.00467249805879205
7575.658039027581,0.052647731860152924,0.004365684880770968
7600.9834340633615,0.05719391690569822,0.004219099100208081
7626.393491795165,0.054298747045743403,0.0041179028357510115
7651.888495250046,0.053344764129592895,0.004143286178808407
7677.468728401224,0.05333222366430662,0.004102664675603676
7703.134476171246,0.05438796498375511,0.004075740471798575
7728.886024435141,0.06185653588646321,0.00408817586276044
7754.723660023623,0.07106883692544681,0.004635307383708733
7780.6476707262755,0.08337341632888731,0.0058360261302287655
7806.658345294771,0.07640506674617488,0.00517438393024058
7832.755973446074,0.058678135370082624,0.006151649157667316
7858.940845865665,0.05394130747590451,0.005286583345672672
7885.213254210794,0.05513327430573596,0.005855161043461571
7911.573491113709,0.05494408521173619,0.005902565059876663
7938.021850184939,0.06214426836229431,0.005379001521090517
7964.558626016547,0.046564860406716674,0.004952444609225637
7991.184114185413,0.0347585591372837,0.004476965611616527
8017.898611256533,0.042148382497652875,0.00422910051173995
8044.702414786312,0.04616077151575706,0.0040556200272736315
8071.595823325894,0.03538742895444519,0.004456443958410951
8098.57913642448,0.02679343243468653,0.005578179917979558
8125.652654632648,0.05588972311485882,0.005790605431045779
8152.81667950573,0.04424729021755587,0.004818346568734113
8180.07151360715,0.049266584064968075,0.004046357538315915
8207.417460511802,0.03609642475132265,0.005099173061896585
8234.854824809423,0.0263087378152411,0.006553099243771476
8262.383912108004,0.042857595625269994,0.005463746149055696
8290.005029037178,0.04365808735695201,0.006567183070838487
8317.718483251632,0.05163547279198448,0.00558017197366828
8345.524583434553,0.0531079522584947,0.006261238971794515
8373.42363930105,0.051254917667298054,0.006408284818811779
8401.415961601604,0.05517711023066997,0.005778909911013268
8429.501862125539,0.061420328626544264,0.0055382669934355665
8457.681653704487,0.06659639696999106,0.005107894292199696
8485.955650215876,0.0660992712219754,0.004789376541460514
8514.324166586423,0.07131931787312194,0.0045701060764670575
8542.787518795645,0.07607306790757354,0.0045189471094563265
8571.346023945849,0.07447777638621295,0.004416556543380157
8600.000000000004,0.07652541438572921,0.004582659896784951
