wave,flux,sigma
3300.0000000000005,-0.023303499341794494,0.03240866745259097
3311.0318870238752,-0.005614848402991474,0.03133880692539397
3322.1006535769357,-0.03779752410271718,0.03079551834572758
3333.2064229988164,0.0017822258757288518,0.03091131771924591
3344.349318964206,-0.012342746673916695,0.030675220476239773
3355.52946558699,-0.0013938001234939342,0.030427103427171705
3366.7469873959726,0.026288078376759855,0.029580886354544488
3378.0020093362546,0.010294347800258329,0.028217265572343806
3389.2946567706267,-0.0025101415516862245,0.02793553447094299
3400.6250554809667,0.00242001016661611,0.02747947577304018
3411.9933316696415,-0.036792466420271897,0.02693443966210515
3423.3996119609133,-0.012307342240186085,0.027355749972689972
3434.844023402349,0.02537904511100845,0.027087693929127674
3446.3266934662315,0.032216432386663336,0.026084761618702025
3457.847750050986,0.01950614658384852,0.025616752996827287
3469.4073214825994,0.012161307704039018,0.025553853214680535
3481.0055365160556,0.03374770310290075,0.025074266368358564
3492.6425243367635,0.02387616317339822,0.0239453623425237
3504.318414561997,0.013901327016267962,0.023109338174317852
3516.033337242342,0.006468621244099656,0.0227892459024456
3527.7874228631417,0.025873051334115903,0.022733757268893734
3539.5808023459526,0.010265261537148306,0.02292914029242993
3551.4136070500026,-0.0027346771492615467,0.02317883569019886
3563.28596877365,0.010973987201716431,0.023041096476399323
3575.198019755855,0.036318416052887256,0.02286720336629019
3587.149892677652,0.0397442239613227,0.022291782872842943
3599.1417206636297,0.021528016308448014,0.02164434365945295
3611.173637283412,0.0037877205080163387,0.021604785460675974
3623.2457765531435,0.0026818782423139982,0.02130894153718718
3635.3582729369846,-0.00028866856300026295,0.021039507884461312
3647.511261348607,0.015427585210969975,0.02117376267357573
3659.7048771527016,0.013937261503039255,0.02172052051700832
3671.9392561664827,0.016011505502579827,0.02124857137502051
3684.2145346612006,0.026952094301067535,0.01991333486984639
3696.5308493636576,0.022410575257274638,0.018780546944498943
3708.8883374577335,0.012456054278270835,0.018543226773660042
3721.2871365859164,0.02527635259963483,0.018483398585660653
3733.7273848508326,0.02089686098832478,0.018149455235106256
3746.2092208167815,0.007408989825331309,0.01822237363207125
3758.7327835112833,0.003041235250999327,0.018736803575867985
3771.298212426627,0.03178164458732907,0.01886168196556693
3783.9056475214256,0.016876341666113022,0.01794052335434222
3796.555229222173,-0.008280888367873034,0.017223557071718673
3809.247098424805,0.02507184871045844,0.017131637859539937
3821.981396496276,0.009017818712066035,0.01674167419743418
3834.758265276125,0.011987409451818792,0.016552088691377073
3847.577847078064,0.012814955211297125,0.016409318836153472
3860.4402846915605,0.016496288997439743,0.016132787768265662
3873.3457213834213,0.011735846540392888,0.016062533940873525
3886.294300899397,0.02514505709029123,0.01603938602270634
3899.2861674657775,0.050882700983003126,0.015933632443882212
3912.3214657910025,0.03860735859536507,0.01583096855702611
3925.4003410672735,0.03675934660322336,0.015682239247333366
3938.5229389721653,0.0365322121008001,0.01565777954975794
3951.689405670252,0.04344616718729481,0.015524961753647249
3964.8998878147377,0.04328288156111526,0.015253482849715824
3978.154532549086,0.028018233220049864,0.015204012841695595
3991.453487508664,0.039376333166846245,0.015011391403759355
4004.796900822377,0.025883780539381243,0.01508706276994408
4018.18492111433,0.016894861533316277,0.015168464864540586
4031.617697505474,0.03650055948078072,0.014922276905205343
4045.0953796152735,0.04814510093693359,0.01482622261703169
4058.618117563371,0.023610665135576463,0.014955262791542131
4072.1860619712556,0.0034530787548346866,0.014826632843805641
4085.799363963945,0.021518554826132533,0.014533027417525709
4099.458175171663,0.029923053094978096,0.014404763077562012
4113.162647731542,0.0032503693680095407,0.014255310918594371
4126.912934289301,0.024994662305917466,0.014222176661499487
4140.709188000954,0.026104877073962335,0.014419687283211254
4154.551562534517,0.03754412409564928,0.01458995161383692
4168.440212071713,0.04033547172013656,0.01457286302144622
4182.3752913097,0.022216448046700213,0.014432223049342196
4196.356955462785,0.02038067489216263,0.014331916505188332
4210.385360264156,0.02525152793382819,0.014245758900087264
4224.460661967617,0.016239217293742652,0.014207516630081936
4238.583017349324,0.024813989443629544,0.01404202167503724
4252.752583709542,0.028145684106839187,0.013763565787146258
4266.969518874386,0.004237205786490669,0.013566216856780406
4281.233981197582,0.012400157012994,0.013453239960133357
4295.5461295622345,0.035600765763373246,0.013469640051704488
4309.906123382591,0.020997839929474946,0.0135568603452853
4324.314122605823,0.03487312533128251,0.013660335077325923
4338.770287713807,0.036839532845333464,0.01357709508368818
4353.274779724901,0.02930473373969806,0.013323555016116616
4367.827760195754,0.027988465404512584,0.013290702382260652
4382.429391223097,0.0033478638470249354,0.013288615444146733
4397.079835445547,0.009824485034063963,0.013154532206464965
4411.779256045427,0.01103079158052106,0.013152204253377158
4426.527816750571,0.017742938103652343,0.013226689786926654
4441.32568183616,0.00720662581693069,0.013191643703045456
4456.17301612654,0.03143676415150046,0.013343427897456768
4471.06998499707,0.0073591407248150284,0.013295799132378137
4486.01675437596,0.014076320742856505,0.013434866367306722
4501.013490746111,0.02536049333184067,0.013719245598073818
4516.060361146975,0.018789778599587546,0.014002878537505944
4531.157533176423,0.0363558042116056,0.014436014978575199
4546.3051749926035,0.025010411718471435,0.014957812451609393
4561.503455315809,0.040215609897308255,0.016105986082202966
4576.752543430374,0.05298318986184641,0.017347551118365088
4592.052609186547,0.031085237004903607,0.019021211827951714
4607.403823002376,0.033842849586609304,0.02097359190281383
4622.8063558656295,0.05107225629349199,0.022642201887660175
4638.260379335682,0.042934130873628545,0.023748395642821593
4653.766065545426,0.031947935314590906,0.024212984187736153
4669.323587203196,0.02561033783480553,0.023737191989769927
4684.933117594696,0.03439189674308134,0.022629735705778344
4700.594830584916,0.03867755018939608,0.022372897048806562
4716.308900620076,0.05028709199547435,0.018721256175417117
4732.075502729573,0.018787667159205095,0.019005769424925507
4747.894812527928,0.04166126750031539,0.018168763403046292
4763.767006216733,-0.003235864883774125,0.016962319440969768
4779.692260586626,0.02835627026384583,0.01458818462118307
4795.67075301926,0.045375420921443144,0.01398862412935958
4811.702661489265,0.021945219829806767,0.013748588321618892
4827.7881645662455,0.04008419891090982,0.013122235721907259
4843.927441416762,0.0388717963834163,0.01226804816560916
4860.120671806329,0.0213825274517032,0.011512782372988103
4876.368036101411,0.0341424658122729,0.010635493550316134
4892.669715271444,0.05420433372825304,0.009861248819260817
4909.025890890844,0.03560310120546621,0.00938349580645951
4925.436745141022,0.05792397908637356,0.009057953231742182
4941.902460812428,0.04050882687038432,0.008708002755804814
4958.423221306581,0.03299755107069271,0.008013589921936348
4974.999210638101,0.023862809175464135,0.007606543897730868
4991.630613436779,0.03123985556358067,0.007322591203907523
5008.317614949616,0.027322744319582877,0.007052332930290132
5025.060401042893,0.024911341489851996,0.0067621599950683595
5041.8591582042445,0.015012664093866422,0.006551114695455549
5058.71407354473,0.02713116295862166,0.006270081308099545
5075.625334800925,0.013992720208294125,0.006154596619501363
5092.593130337,0.01594844046106768,0.005994594900174663
5109.61764914683,0.018821067985458927,0.0058669780121304825
5126.699080856102,0.022672545401451902,0.00592068757941703
5143.837615724411,0.028635386892761443,0.007980246358687635
5161.033444647393,0.05488789058145345,0.007968518531962699
5178.286759158847,0.04093291130781227,0.005717532449901
5195.59775143287,0.03159618731099215,0.0053401626181371065
5212.966614285993,0.027013325099902195,0.00525925141174779
5230.393541179339,0.03183440810147429,0.0051235862260358
5247.878726220767,0.04027183812330001,0.005069334213567554
5265.4223641670305,0.04887713967931911,0.005057174670436063
5283.024650425963,0.05145503252537301,0.005083773799569467
5300.685781058646,0.0539385227748372,0.005091118844718617
5318.405952781588,0.04890483449180444,0.004861341551800524
5336.185362968923,0.04177103934708311,0.004650731383417812
5354.024209654601,0.044317963671823016,0.004614104931534152
5371.922691534604,0.043005884330141506,0.0046220972707411954
5389.88100796915,0.0563274476436324,0.0045977292075334965
5407.899358984922,0.05602547660634027,0.004610804214681968
5425.977945277293,0.047367677061407105,0.004977385496039915
5444.116968212549,0.0549544417749227,0.005150055864223074
5462.316629830153,0.0642767321213435,0.004902821360609942
5480.577132844979,0.0643652578438882,0.004689334693741706
5498.89868064958,0.0774892028769105,0.004649906189711615
5517.28147731645,0.080003367023939,0.004516221665369012
5535.725727600293,0.07866416650986155,0.004362854142431555
5554.23163694031,0.06144270984849899,0.004210050390001846
5572.79941146248,0.06468624715397492,0.004144361224557602
5591.429257981867,0.06442883056824045,0.004062400864819962
5610.121384004915,0.06253417610745868,0.003967699060962713
5628.875997731756,0.06559785906293744,0.003920032537264248
5647.69330805854,0.05029549842820353,0.003768975097792735
5666.573524579752,0.056997079946632,0.003686382909178384
5685.516857590555,0.04353279497498855,0.003654951671512659
5704.523518089128,0.04498318853669588,0.003557090310443739
5723.593717779009,0.04132113945122226,0.0034717664718576075
5742.727669071467,0.0474673043706224,0.00354899019450778
5761.925585087854,0.04948914010499546,0.003627521765927499
5781.187679661996,0.05629169097127,0.003546476085971674
5800.5141673425605,0.05248689376165188,0.003668159133356907
5819.905263395445,0.06409096757753197,0.003849329733118753
5839.361183806187,0.054798634788469774,0.0036416899037691867
5858.882145282354,0.061383887534288216,0.0034592551226876422
5878.468365255977,0.05329801227236377,0.0034306766902907617
5898.12006188596,0.05151301944326618,0.0033304481406276707
5917.837454060502,0.052068037457992766,0.0032389239839738684
5937.620761399551,0.04290595337187579,0.003108201652158828
5957.470204257241,0.03746044633678165,0.003020664571145732
5977.386003724353,0.033378745974869985,0.002977879719081807
5997.368381630775,0.030410975463264423,0.0029644353166118653
6017.417560547961,0.034707963048131195,0.0029447170863789868
6037.533763791432,0.030856240387264727,0.0028995960860719516
6057.717215423248,0.03458212223103149,0.0028781053499204426
6077.968140254503,0.021393299104187042,0.0028082094956301544
6098.286763847838,0.02656275185018987,0.0027316274260700602
6118.673312519953,0.02986563482768531,0.0026456637975095184
6139.128013344114,0.02922464832862726,0.00259759082482939
6159.651094152697,0.026158758691892128,0.0026036033314182877
6180.242783539723,0.03067639041281989,0.002581228260356387
6200.903310863401,0.025394735906101674,0.0025228060521986064
6221.632906248681,0.032850945870403256,0.0025637813006549677
6242.431800589825,0.03608791171141783,0.002554038733778188
6263.300225552964,0.036370958845075206,0.002499104885216966
6284.238413578695,0.026789691211876528,0.002472676982627438
6305.246597884667,0.025201668985174806,0.0026354460828526783
6326.325012468166,0.0401657013116468,0.0028033339301512454
6347.4738921087355,0.03346830101678616,0.002886448083357874
6368.693472370778,0.03646132683459792,0.0028116965881092013
6389.9839896061985,0.04660369796286685,0.0027791426924178774
6411.345680957023,0.052625862775129366,0.002798735010414438
6432.7787843580345,0.047388005137336556,0.002731122332188437
6454.283538539437,0.0558913326214755,0.0026328992616350944
6475.860183029508,0.056738915495135524,0.0025769845597749946
6497.508958157264,0.05565997734547746,0.0025900175509510643
6519.230105055148,0.06884044775551479,0.002668911042682457
6541.023865661702,0.060277031258451866,0.002618038318975987
6562.890482724266,0.05606504615969134,0.002516762306489624
6584.830199801685,0.04991335910099423,0.0024868735269512905
6606.843261267024,0.04683185940825557,0.0024709781685403067
6628.929912310285,0.04444623640039017,0.002464462342976446
6651.0903989411345,0.037966384976050704,0.0024107967905301728
6673.324967991654,0.0353973928017023,0.002614493913257249
6695.633867119077,0.025382114915049922,0.002812691211281924
6718.017344808559,0.029903541378872626,0.002800276533390401
6740.475650375945,0.02619474727795636,0.0027801731071812543
6763.009033970533,0.02444177006444888,0.0027395376851760385
6785.617746577873,0.01954936366938853,0.0026536134183338654
6808.302040022556,0.010302549677273868,0.002463193924810467
6831.062166971027,0.02112829938660974,0.002402136097306824
6853.898380934393,0.019609633808354773,0.002331726364777502
6876.81093627124,0.02653574155030318,0.0022835422806239997
6899.8000881904845,0.022017484448042857,0.002366064658594784
6922.866092754194,0.01915728506903896,0.0022875465284065534
6946.0092068804615,0.023079431868091187,0.0023696786026759058
6969.229688346255,0.025525452552760515,0.0023529542065535416
6992.52779579028,0.02067735711815099,0.0023431437578459863
7015.903788715879,0.020221775000096823,0.0032553243646052444
7039.357927493908,0.02193535389283649,0.003510074775672273
7062.890473365647,0.013336742209843313,0.0028140355313096
7086.501688445705,0.017059082909800273,0.0023358696682050225
7110.191835724931,0.027165084116232016,0.0025595321356248384
7133.961179073358,0.02371848582412062,0.0028030047477662443
7157.809983243131,0.01952104958045431,0.0027412231361632657
7181.738513871466,0.029391459584403017,0.0027521015697108695
7205.747037483605,0.025037768135744615,0.002788471664807657
7229.835821495773,0.027123280358182258,0.0027954177390325627
7254.005134218174,0.019556442957663244,0.002986696392337118
7278.255244857964,0.027650515428583766,0.002951956358689362
7302.586423522268,0.023659596950320952,0.0029963109104940446
7326.998941221176,0.025427305743650652,0.0029326860888083542
7351.493069870756,0.03713579406553347,0.0027772747574877025
7376.069082296098,0.03239389814004444,0.0029803122697349025
7400.727252234339,0.03262213667918035,0.00289821957899817
7425.467854337722,0.034188268213102495,0.002650935392176002
7450.291164176657,0.03235147259287695,0.0025008426061457847
7475.197458242774,0.029445807076113134,0.0023607294244824407
7500.187013952019,0.024718090222364777,0.002324738689690224
7525.260109647734,0.027530276679444715,0.0023257047965611235
7550.4170246037675,0.025400001531348866,0.0022673777963596454
7575.658039027581,0.02150260290339949,0.002242174698975648
7600.9834340633615,0.030197479691847228,0.0022906093970677605
7626.393491795165,0.025538096455630103,0.002371668458381075
7651.888495250046,0.029473707110791558,0.0031945482159773547
7677.468728401224,0.0334465608244143,0.002978319166885012
7703.134476171246,0.0313288061499434,0.0032453562766952926
7728.886024435141,0.026785420150516673,0.0031425935858167696
7754.723660023623,0.043624906544011355,0.0031498690690503054
7780.6476707262755,0.04888479042104105,0.0033471809403535307
7806.658345294771,0.03434279792289012,0.0032225939086173616
7832.755973446074,0.0358044962321506,0.0028659353439828357
7858.940845865665,0.036794266206952655,0.002677062357991717
7885.213254210794,0.027126126490120153,0.0024581188193950726
7911.573491113709,0.029909673312804634,0.0024020480547427498
7938.021850184939,0.024718087694547038,0.002347951784927023
7964.558626016547,0.01991847231651181,0.0029555529062333876
7991.184114185413,0.01111365564986187,0.003284037108233993
8017.898611256533,0.02415438806909572,0.002926760407964978
8044.702414786312,0.017747971575332117,0.0022691983615429046
8071.595823325894,0.016294314430389464,0.0024102593393933594
8098.57913642448,0.014276183010433274,0.0036169490636936905
8125.652654632648,0.013979192135394558,0.0029412109917092717
8152.81667950573,0.012884854682191221,0.0036981540637850406
8180.07151360715,-3.9924659954748855e-05,0.0031244947452621318
8207.417460511802,0.0025591813085114328,0.0033907619019385962
8234.854824809423,0.010358930287362242,0.00348217932813026
8262.383912108004,0.006504328782950204,0.003382965558025951
8290.005029037178,0.004449051809533696,0.0030037639119680644
8317.718483251632,0.005284869452178651,0.0029046545733480782
8345.524583434553,0.0020507213433528454,0.0024674954264310932
8373.42363930105,0.008512213053864896,0.0024579383891785594
8401.415961601604,0.00837183614268302,0.002431172423688732
8429.501862125539,0.008989296363891987,0.0023290401973938457
8457.681653704487,0.016357612241043727,0.0024925853325063834
8485.955650215876,0.03107007590781683,0.0024943871719778545
8514.324166586423,0.024792593122271694,0.002634494782383254
8542.787518795645,0.03305753217092057,0.002709606891297234
8571.346023945849,0.019173079721533537,0.0028212564059541217
8600.000000000004,0.012463726263969596,0.005400169207706542
