wave,flux,sigma
3300.0000000000005,0.2266538141904516,0.018983678129434238
3311.0318870238752,0.2529680291687425,0.019458352089563414
3322.1006535769357,0.2748964208281744,0.019482877741169444
3333.2064229988164,0.28885380380349496,0.01884110928808706
3344.349318964206,0.2641512602286319,0.018030452532549705
3355.52946558699,0.2670883381639749,0.017781529945079526
3366.7469873959726,0.28934412155289924,0.017671245820389547
3378.0020093362546,0.2941245158694065,0.017344718828439024
3389.2946567706267,0.28813276479411937,0.017357328353903242
3400.6250554809667,0.28940768585471377,0.01704543508892649
3411.9933316696415,0.3122815128266084,0.016504393108935356
3423.3996119609133,0.279309210353224,0.01655870113614371
3434.844023402349,0.30608692164188633,0.016446876107530425
3446.3266934662315,0.34756901624271425,0.01606313181490885
3457.847750050986,0.3489022257956577,0.016268869385179057
3469.4073214825994,0.38326798348900226,0.016640310050242805
3481.0055365160556,0.37438412089006634,0.016545196809324075
3492.6425243367635,0.3900314517626137,0.01609288679028849
3504.318414561997,0.3903302744563826,0.01571599809160576
3516.033337242342,0.40825485621925023,0.015392879265661786
3527.7874228631417,0.3891198011360813,0.015026752558529005
3539.5808023459526,0.3340927305145434,0.0147031540159205
3551.4136070500026,0.3442711575458982,0.014247913393111735
3563.28596877365,0.2997782142824762,0.013846032047394007
3575.198019755855,0.25742915589650106,0.01344825713154393
3587.149892677652,0.23874036966261772,0.013286063099227351
3599.1417206636297,0.21777904880089816,0.013035196738916253
3611.173637283412,0.18693190921164884,0.012532923094328302
3623.2457765531435,0.1443454032824702,0.01180302698405744
3635.3582729369846,0.1348550482079045,0.011396436961723128
3647.511261348607,0.13972084526276193,0.01101906601672886
3659.7048771527016,0.11210652940065965,0.01052409307053145
3671.9392561664827,0.08390800564751122,0.010243634680522204
3684.2145346612006,0.11603611560344072,0.010155467636980643
3696.5308493636576,0.10453068791875095,0.010391072354038102
3708.8883374577335,0.0944314986964194,0.010996952739277494
3721.2871365859164,0.12369214038557491,0.011371548717775378
3733.7273848508326,0.16345310108917452,0.011090194178535179
3746.2092208167815,0.19158927960007302,0.010754357863284679
3758.7327835112833,0.21345606592997368,0.010754636029814866
3771.298212426627,0.2252053550226542,0.011006675729224332
3783.9056475214256,0.26359473155198543,0.011142373879812872
3796.555229222173,0.29952959031478016,0.01149665977694484
3809.247098424805,0.3440659013573141,0.012203617064323347
3821.981396496276,0.37109767486564993,0.012571612754520817
3834.758265276125,0.4454873102092422,0.012842821629160131
3847.577847078064,0.5049014240190726,0.012958453067897325
3860.4402846915605,0.5354038277638331,0.012998127867512267
3873.3457213834213,0.6005526550704312,0.013083530299547097
3886.294300899397,0.571036289446342,0.012999826221332887
3899.2861674657775,0.5917831043248132,0.012926137410368724
3912.3214657910025,0.6063233214650734,0.012863936665830446
3925.4003410672735,0.5552144304447537,0.012530702706986105
3938.5229389721653,0.5337553941601605,0.012326874549692874
3951.689405670252,0.522847673639489,0.012185987678169202
3964.8998878147377,0.50267602390983,0.011959400635220566
3978.154532549086,0.5030959162713873,0.011886486780936196
3991.453487508664,0.5122293549412216,0.011754771855250446
4004.796900822377,0.52101108472043,0.011865032020922423
4018.18492111433,0.5491206490454341,0.012125568917237596
4031.617697505474,0.6210083628368375,0.012190324478262406
4045.0953796152735,0.6110293405655434,0.012300790744451885
4058.618117563371,0.6433525001564091,0.012552872130432297
4072.1860619712556,0.6667088814953306,0.012658574424332185
4085.799363963945,0.6705744605501698,0.012524938126267645
4099.458175171663,0.6747400700552094,0.012302414130577763
4113.162647731542,0.6099163263191663,0.012043423202355975
4126.912934289301,0.5689207847190192,0.011871286230339997
4140.709188000954,0.5618428440192629,0.011744934649196936
4154.551562534517,0.5441957376882917,0.011727799998758776
4168.440212071713,0.5200504319698243,0.011629788014270505
4182.3752913097,0.5001691374601844,0.011333045383791419
4196.356955462785,0.47764154330431646,0.011131930792942191
4210.385360264156,0.42783043037221136,0.01079315523002427
4224.460661967617,0.3723859126190836,0.010382743427885264
4238.583017349324,0.3656601944727137,0.01002397583334413
4252.752583709542,0.31507387880947124,0.009561326777382681
4266.969518874386,0.27907399455191995,0.009234105173329102
4281.233981197582,0.29560973798859025,0.009147753302143263
4295.5461295622345,0.30391196282182414,0.009262268102757655
4309.906123382591,0.33843913857495594,0.009493371978054822
4324.314122605823,0.34774611475878875,0.009759890068836317
4338.770287713807,0.37828493943432473,0.009769782986448929
4353.274779724901,0.3604971514350045,0.009706270582876583
4367.827760195754,0.3850657847411806,0.009707666460619336
4382.429391223097,0.3647576096453936,0.009693916090269261
4397.079835445547,0.3523203139741993,0.009489919454390261
4411.779256045427,0.3482823292331384,0.009421982721579849
4426.527816750571,0.3739080952713858,0.009586369894229774
4441.32568183616,0.39638556992405427,0.00965293460363512
4456.17301612654,0.4216007445416926,0.009850338007439702
4471.06998499707,0.4173398619434122,0.009893534846134294
4486.01675437596,0.42670158473919384,0.009978558007102598
4501.013490746111,0.4506541008210254,0.01005882265596216
4516.060361146975,0.43787577334682937,0.010043925273133154
4531.157533176423,0.43766495175665887,0.009978806473213458
4546.3051749926035,0.4368708797105638,0.00997283692335275
4561.503455315809,0.4391206506937849,0.010071818426193462
4576.752543430374,0.408454319288653,0.010018179459001584
4592.052609186547,0.4074425311605092,0.010147925714742292
4607.403823002376,0.37305003310059864,0.01030236073750993
4622.8063558656295,0.3468549842981651,0.010439412557457272
4638.260379335682,0.33401573728589384,0.010889517347227779
4653.766065545426,0.31473173157958234,0.011654575746817088
4669.323587203196,0.31216928903355146,0.012506577073966912
4684.933117594696,0.3142587622983341,0.013131176455880512
4700.594830584916,0.2884781786894931,0.013282355605900985
4716.308900620076,0.25706819977997397,0.013215476337004551
4732.075502729573,0.2641618796248251,0.013171069089168572
4747.894812527928,0.26197609393689036,0.012861581299619841
4763.767006216733,0.2629532938175366,0.01194877010183106
4779.692260586626,0.23144575803373224,0.011397341790974075
4795.67075301926,0.21365724115385212,0.011595878618764916
4811.702661489265,0.2159959896816015,0.013361018136022489
4827.7881645662455,0.1681937868574946,0.014019027935740632
4843.927441416762,0.17476501682765258,0.011751644664557824
4860.120671806329,0.17511018624616004,0.011169726457261574
4876.368036101411,0.202101725306023,0.011206721010596896
4892.669715271444,0.21534105688099633,0.011181865827354554
4909.025890890844,0.2461027564355877,0.010988721235225107
4925.436745141022,0.2607069001956239,0.010564357733782361
4941.902460812428,0.2613091330832663,0.00990404406396752
4958.423221306581,0.25891968502796336,0.009311680340677196
4974.999210638101,0.2622935365957421,0.008908564676373793
4991.630613436779,0.2449940640855239,0.008538842639087116
5008.317614949616,0.2601789381270534,0.00819840130869236
5025.060401042893,0.273456385753781,0.008070619707232083
5041.8591582042445,0.27548379427437836,0.007869622122813988
5058.71407354473,0.2894317558329517,0.0076095907791874735
5075.625334800925,0.2971585598592701,0.007496167796495414
5092.593130337,0.3012540895061681,0.007318980427133843
5109.61764914683,0.2831504537221906,0.007044772040753442
5126.699080856102,0.27487723494450245,0.006843086805830714
5143.837615724411,0.2766102723652898,0.006722162820743742
5161.033444647393,0.279281436629475,0.006646657578767114
5178.286759158847,0.27494313828532496,0.006472609739987881
5195.59775143287,0.26981447509873113,0.0064899277966196265
5212.966614285993,0.22998659233460014,0.006355339012982616
5230.393541179339,0.2001847494934008,0.005876435133155005
5247.878726220767,0.18529786586647368,0.00525159245388345
5265.4223641670305,0.17135830372354455,0.005081556964658282
5283.024650425963,0.17586800235252847,0.0050375007002851245
5300.685781058646,0.18254710418101885,0.00502187893752956
5318.405952781588,0.19821511692204913,0.0049541948233872155
5336.185362968923,0.1942513639681005,0.004818113724738792
5354.024209654601,0.1930057218384772,0.004681010371213116
5371.922691534604,0.18183510183456164,0.004561747079669775
5389.88100796915,0.17177562755197873,0.0044430767301027975
5407.899358984922,0.1678003214636089,0.00431380584930841
5425.977945277293,0.14608267349191167,0.0041705303257148435
5444.116968212549,0.14866712167249668,0.004115660092442961
5462.316629830153,0.17377939857872549,0.004243848078502758
5480.577132844979,0.1947555299481718,0.004436930942282365
5498.89868064958,0.2107328990735108,0.004631391010398656
5517.28147731645,0.2264342140589597,0.004620925303090716
5535.725727600293,0.24177596446758315,0.004482841472212616
5554.23163694031,0.2373995359224306,0.004441585010103593
5572.79941146248,0.2384672523426108,0.00437630466120507
5591.429257981867,0.22523498473707143,0.0042399628424350504
5610.121384004915,0.2351140776465575,0.004155443789243873
5628.875997731756,0.23784514279015231,0.004155851268827159
5647.69330805854,0.23441134786365309,0.0040619980295250775
5666.573524579752,0.21221995385344145,0.003946531957011737
5685.516857590555,0.19954942759579256,0.0038025663387492416
5704.523518089128,0.1854729971978012,0.003689880632157509
5723.593717779009,0.18444863883747153,0.0036138013467204287
5742.727669071467,0.1790042325285042,0.0035612798371025514
5761.925585087854,0.1850977786386953,0.003575292982447077
5781.187679661996,0.19373958303127803,0.003585060802065868
5800.5141673425605,0.20397658933605584,0.0036023093129777506
5819.905263395445,0.21122971480352004,0.0036369438419577406
5839.361183806187,0.214761181303699,0.0036147772153614223
5858.882145282354,0.2109560955932615,0.003565579433099273
5878.468365255977,0.22601996444483238,0.0036759467239216794
5898.12006188596,0.22167357355404813,0.0036663554142028557
5917.837454060502,0.22129942183917561,0.0034927318575916425
5937.620761399551,0.20471261952859612,0.0034024665512069267
5957.470204257241,0.1844800326679698,0.003227834374709605
5977.386003724353,0.14839639132885593,0.0029470396597159393
5997.368381630775,0.10812100331104077,0.0026883167379254487
6017.417560547961,0.09177987847461824,0.002511950481387868
6037.533763791432,0.07294448911841661,0.0024126478802261792
6057.717215423248,0.06297308144777519,0.0023362923043676854
6077.968140254503,0.06312801858905202,0.002304109627763169
6098.286763847838,0.06142432995871641,0.002304307919429925
6118.673312519953,0.0769661371585368,0.0023753680290126873
6139.128013344114,0.0909673851940502,0.002429543837718432
6159.651094152697,0.1062514994553036,0.0025063360676756785
6180.242783539723,0.1285444710252996,0.002611180340883308
6200.903310863401,0.1557421108729632,0.002699194303980965
6221.632906248681,0.17800780171945352,0.002796145426151907
6242.431800589825,0.17916257597679638,0.0028234846248813335
6263.300225552964,0.20179270177334313,0.002866819611881418
6284.238413578695,0.21286727995217958,0.002920687784313309
6305.246597884667,0.21458753245933698,0.0029365075353108114
6326.325012468166,0.2196086891570945,0.0029185237631326774
6347.4738921087355,0.21679358352092884,0.002897478921975616
6368.693472370778,0.21135531937072022,0.002907499277613177
6389.9839896061985,0.2028548207053229,0.0028751392582060716
6411.345680957023,0.19521779609174134,0.002989176465702896
6432.7787843580345,0.20002805307569926,0.0030143388154031826
6454.283538539437,0.18271205445377456,0.002817615611457639
6475.860183029508,0.17622428077461322,0.002707642200182372
6497.508958157264,0.16928582063993913,0.0026403168715323218
6519.230105055148,0.16670503159484362,0.0025931517384846846
6541.023865661702,0.1638745894787851,0.0025504760950646015
6562.890482724266,0.15806258002893606,0.002515463958980464
6584.830199801685,0.15539118759456574,0.0024560721293204885
6606.843261267024,0.14392501887859155,0.002405619358020961
6628.929912310285,0.1449232785522987,0.0023747757644820584
6651.0903989411345,0.13830576259942146,0.0023303900825384187
6673.324967991654,0.1338451532853932,0.0023085469026595824
6695.633867119077,0.12906298536548483,0.0022916282750108995
6718.017344808559,0.12840890679181677,0.002288423294087366
6740.475650375945,0.12271686466903936,0.0022569667115711
6763.009033970533,0.13382295156296664,0.002470438305467456
6785.617746577873,0.12181004555024183,0.002521089897817539
6808.302040022556,0.12460991743226367,0.0024290231008196397
6831.062166971027,0.1158344253311612,0.002376490861526814
6853.898380934393,0.12024798882153911,0.0023920325522300916
6876.81093627124,0.11197836497066899,0.002340665981200275
6899.8000881904845,0.1112693066438031,0.002252678646141078
6922.866092754194,0.10940352090435035,0.002168991887731082
6946.0092068804615,0.11132993379636424,0.0021313424922591072
6969.229688346255,0.11330206122398637,0.0021393599836005187
6992.52779579028,0.10954007784478761,0.0021648699590983457
7015.903788715879,0.10717644396550996,0.002153823578579412
7039.357927493908,0.1089080953373091,0.0021532844283968424
7062.890473365647,0.10297537347014342,0.0021078969789513334
7086.501688445705,0.10190671337165422,0.002488117986704604
7110.191835724931,0.09751378482422463,0.0030166932967402426
7133.961179073358,0.10136650085486518,0.0026903364767410618
7157.809983243131,0.1025642086497198,0.002297923717753012
7181.738513871466,0.09357179388906817,0.0020647411479173773
7205.747037483605,0.09861244690204028,0.0022381371444581384
7229.835821495773,0.0915601101688249,0.002277300234484983
7254.005134218174,0.08605908732427446,0.002218073182888163
7278.255244857964,0.08863758828361111,0.0021981961539364533
7302.586423522268,0.08106744032382301,0.002234749978476291
7326.998941221176,0.0793291521563742,0.0022320369847821284
7351.493069870756,0.07556581649422603,0.002243125306560669
7376.069082296098,0.06547953683193791,0.0021394021267988434
7400.727252234339,0.054828061155619945,0.002132279891533224
7425.467854337722,0.059597491481557775,0.0019973183238566764
7450.291164176657,0.0642809256558883,0.002138158684826708
7475.197458242774,0.069034902671506,0.0021187749558943558
7500.187013952019,0.07250237516981033,0.0020499565647392
7525.260109647734,0.07271363591966284,0.0019774697931780093
7550.4170246037675,0.07967804900537957,0.0019657060107738755
7575.658039027581,0.08439386682708763,0.001974604826319482
7600.9834340633615,0.08403248286531093,0.0019780995964163175
7626.393491795165,0.07852353378898541,0.0019732748268516897
7651.888495250046,0.07828209210821735,0.001964440686725298
7677.468728401224,0.08001243956187859,0.00198151997884325
7703.134476171246,0.08259271397446034,0.0019799707354306298
7728.886024435141,0.08008598540193329,0.00215907457547911
7754.723660023623,0.07454902622516786,0.002340812490194478
7780.6476707262755,0.07264309332628247,0.002240249500413341
7806.658345294771,0.0763024082314102,0.0023753437418427606
7832.755973446074,0.0661468295237003,0.0022084058676385223
7858.940845865665,0.07129403419229058,0.002330681552252457
7885.213254210794,0.056339814628937335,0.0021949671960175806
7911.573491113709,0.05628849417410425,0.0020778429289528416
7938.021850184939,0.04980135768985279,0.0019214780849691386
7964.558626016547,0.043523578153074054,0.0018039704427108177
7991.184114185413,0.04608391059649371,0.0017453707904467142
8017.898611256533,0.043129028117277216,0.0016763288588414456
8044.702414786312,0.03944655570803987,0.001776283740697279
8071.595823325894,0.04466745330123301,0.0020002781483149153
8098.57913642448,0.04032251423707958,0.0019288540274331207
8125.652654632648,0.03422912703465712,0.0016721462719090923
8152.81667950573,0.03589886334526246,0.0016139516278489692
8180.07151360715,0.047416540131992514,0.002108252356602569
8207.417460511802,0.04292463458534347,0.0022949042690408056
8234.854824809423,0.04002443753347934,0.0022233464478392017
8262.383912108004,0.038013099978906936,0.002351917303471729
8290.005029037178,0.04055051933828342,0.002143482652902996
8317.718483251632,0.04494521303391973,0.0024349449080202507
8345.524583434553,0.055723976882349424,0.0023084437003023347
8373.42363930105,0.05981468875678778,0.0022911218933211767
8401.415961601604,0.06113304439134997,0.0022012833613327793
8429.501862125539,0.07540883939987082,0.002220316944012415
8457.681653704487,0.07372400280088717,0.0021838947511693923
8485.955650215876,0.0770434827819877,0.0021163964782043012
8514.324166586423,0.077293830773113,0.002098520243143775
8542.787518795645,0.07140656548578085,0.0021384060269809767
8571.346023945849,0.07152013781448084,0.0021382531295410707
8600.000000000004,0.08120043810152655,0.002172219755336566
