wave,flux,sigma
3300.0000000000005,0.23384968346856236,0.028560835684223976
3311.0318870238752,0.24540259145678878,0.028558759955475025
3322.1006535769357,0.20980096913806318,0.02789141663635141
3333.2064229988164,0.23577714692743384,0.027634505272833794
3344.349318964206,0.2424802171966495,0.027231696006110504
3355.52946558699,0.25958687785347606,0.027006694297210768
3366.7469873959726,0.21676232212133847,0.026655176706471
3378.0020093362546,0.23068439307568728,0.025200579075826186
3389.2946567706267,0.244816597232888,0.024721368175397315
3400.6250554809667,0.24845767060175664,0.024777952965160246
3411.9933316696415,0.3011269119434228,0.024147108398688975
3423.3996119609133,0.30848793981253864,0.024634951505080088
3434.844023402349,0.32324717158499167,0.024094014558055696
3446.3266934662315,0.29813673349408804,0.023586383350188173
3457.847750050986,0.3679731719128488,0.023642151820566774
3469.4073214825994,0.3341388511591228,0.02402740862717349
3481.0055365160556,0.3967437227629936,0.023784900058470587
3492.6425243367635,0.42699223843432377,0.023037876199400224
3504.318414561997,0.4866521690003349,0.02243880061414631
3516.033337242342,0.5551221541867303,0.022506994622104808
3527.7874228631417,0.609999369528872,0.02230786246736314
3539.5808023459526,0.6517772250911547,0.022093785747897002
3551.4136070500026,0.6866220126754372,0.022349226763735828
3563.28596877365,0.7504170714075291,0.022434378454431782
3575.198019755855,0.7142967102067077,0.02293311192970156
3587.149892677652,0.773054396590535,0.022658681182632628
3599.1417206636297,0.7895320546861107,0.02233846904022551
3611.173637283412,0.7626279892923933,0.02147956697330606
3623.2457765531435,0.7774268062482113,0.02058447373508609
3635.3582729369846,0.8078761915633688,0.019972474215456358
3647.511261348607,0.8571255140748737,0.019777380670341203
3659.7048771527016,0.8818913990656747,0.01981222852147999
3671.9392561664827,0.9204637698867573,0.0196150552396044
3684.2145346612006,0.9337681619059228,0.02004909887355723
3696.5308493636576,0.9689828909491089,0.020347023772946456
3708.8883374577335,0.8794343929968003,0.020344882977000437
3721.2871365859164,0.8913099633858524,0.01922835502596177
3733.7273848508326,0.8813820245064448,0.01853756079054466
3746.2092208167815,0.880543300376005,0.018525054363522874
3758.7327835112833,0.896126497660839,0.01867257714537028
3771.298212426627,0.7857259470177456,0.01864030779806045
3783.9056475214256,0.6789684204408692,0.018978329827212592
3796.555229222173,0.6298390947333397,0.01928439620835539
3809.247098424805,0.5994127745708346,0.019418589856306904
3821.981396496276,0.5652613262570733,0.018703868889994136
3834.758265276125,0.6048662120080268,0.017951180907556333
3847.577847078064,0.6942094357177652,0.017577121313677054
3860.4402846915605,0.8023270162662318,0.0175245899856018
3873.3457213834213,0.8387471293787907,0.01788981220020964
3886.294300899397,0.8784220636173509,0.018157963890542392
3899.2861674657775,0.910051302046328,0.01845163167437818
3912.3214657910025,0.8884318948619897,0.018657905900766016
3925.4003410672735,0.9433231406087781,0.018081804193715505
3938.5229389721653,0.9494585850445711,0.01780070381937456
3951.689405670252,0.9343423483627957,0.017290430334179988
3964.8998878147377,0.8575072694546376,0.016747672758827565
3978.154532549086,0.7911463346035428,0.016431423754077454
3991.453487508664,0.7646004835283424,0.015970355118041152
4004.796900822377,0.7677395618819898,0.015971772524437645
4018.18492111433,0.8205721186214692,0.015939018468414716
4031.617697505474,0.8346372016468666,0.015836067753889554
4045.0953796152735,0.9129966613102046,0.015710035246535387
4058.618117563371,0.9347242966664657,0.015824760958604786
4072.1860619712556,0.9178184186244159,0.015404691745421892
4085.799363963945,0.8865505885245455,0.015027872818992342
4099.458175171663,0.8678316666571879,0.015012487338997129
4113.162647731542,0.8652393379071759,0.015028144327210396
4126.912934289301,0.8527095524890482,0.015136952151284981
4140.709188000954,0.8732761075794243,0.015275670597659274
4154.551562534517,0.891375378423903,0.01529955051329484
4168.440212071713,0.9017967406697531,0.015352384989169762
4182.3752913097,0.9024709415044051,0.015499377187897932
4196.356955462785,0.8822336246063235,0.015437986008292721
4210.385360264156,0.813844619113411,0.015158574154414588
4224.460661967617,0.7715204630513686,0.01479077491407869
4238.583017349324,0.7445262185564109,0.01450093190245237
4252.752583709542,0.7140281899464632,0.014265533282063893
4266.969518874386,0.6577496300819492,0.014009860818669345
4281.233981197582,0.619115520796798,0.013737426943243935
4295.5461295622345,0.6390032972023704,0.013531150093688112
4309.906123382591,0.6000164064093189,0.013531760500600634
4324.314122605823,0.5866860261712274,0.013565664092319914
4338.770287713807,0.5775829905459171,0.013347629063506021
4353.274779724901,0.5731263928578207,0.01302861527821424
4367.827760195754,0.5845738258168692,0.0131410289543564
4382.429391223097,0.6085291610144002,0.013251729702899328
4397.079835445547,0.6364576356159157,0.013070488442107836
4411.779256045427,0.6744815794743141,0.013071023305074947
4426.527816750571,0.6572108954200623,0.013095608707176756
4441.32568183616,0.6620957172322588,0.012922151498792838
4456.17301612654,0.7030889119512511,0.013022520862970658
4471.06998499707,0.7203939940881788,0.013067902972671354
4486.01675437596,0.7519583794869924,0.013205035017251327
4501.013490746111,0.7979129273103105,0.013252323814872404
4516.060361146975,0.8370446415904804,0.01322058689398504
4531.157533176423,0.8143813469186978,0.013177977450509649
4546.3051749926035,0.8089726832315616,0.013043205607232412
4561.503455315809,0.8765497094475136,0.013164010969657275
4576.752543430374,0.8939584582316538,0.013142852085199639
4592.052609186547,0.8753101887533168,0.01310172824608937
4607.403823002376,0.8936214259078206,0.012975715656885198
4622.8063558656295,0.8727770897392928,0.012786820450045394
4638.260379335682,0.8100503881315682,0.01276255409202272
4653.766065545426,0.756910773429024,0.01284766515022555
4669.323587203196,0.7231227085601919,0.01278631449905198
4684.933117594696,0.634304002567208,0.012591059106656232
4700.594830584916,0.6191580831767183,0.012666054342378691
4716.308900620076,0.5995623685119069,0.013023290857881837
4732.075502729573,0.5709215819018756,0.013574702864603083
4747.894812527928,0.5614015576214213,0.014304008309746496
4763.767006216733,0.5668892695424372,0.015178134047157558
4779.692260586626,0.5003706243385018,0.016026083146648475
4795.67075301926,0.4964452705386821,0.016697500234645935
4811.702661489265,0.4736406700626308,0.016925771596984465
4827.7881645662455,0.47776582547117724,0.016433285493979436
4843.927441416762,0.5039486642787874,0.01425864791534867
4860.120671806329,0.5006744309201684,0.014035255199231636
4876.368036101411,0.5534338227352043,0.014295137894854303
4892.669715271444,0.5552351987251443,0.023048909654618206
4909.025890890844,0.5030469637506694,0.01967824558206043
4925.436745141022,0.4829199707990285,0.016629902878288527
4941.902460812428,0.4241261421193291,0.014831274579069393
4958.423221306581,0.42448115117845575,0.013781174630647753
4974.999210638101,0.38084836734068916,0.013425464892311665
4991.630613436779,0.40581733341544646,0.013192068180340815
5008.317614949616,0.40729066815923975,0.012777180548942908
5025.060401042893,0.441914408211628,0.012412673004674005
5041.8591582042445,0.47455855310834083,0.01188897324845794
5058.71407354473,0.49297752048102084,0.011256309400505543
5075.625334800925,0.5108789804283538,0.01096626904432377
5092.593130337,0.6168465506190197,0.010745088248663324
5109.61764914683,0.618430221268099,0.01042141365508094
5126.699080856102,0.6141388703790365,0.01014542062933409
5143.837615724411,0.6468314728674045,0.00990860168760323
5161.033444647393,0.6673101376726094,0.009765620345766945
5178.286759158847,0.6557192324162604,0.009528707203288335
5195.59775143287,0.6686959736406429,0.009192102658596844
5212.966614285993,0.640241593577167,0.009068958946401442
5230.393541179339,0.6311431384971966,0.008842431494177924
5247.878726220767,0.5899262676281827,0.008473339596516074
5265.4223641670305,0.534436820243744,0.008342408521040633
5283.024650425963,0.53865691238136,0.008785614640403075
5300.685781058646,0.5161247647509543,0.008646808119487561
5318.405952781588,0.5115249705406193,0.00768193658726319
5336.185362968923,0.5101002389461888,0.007454199223346521
5354.024209654601,0.5090810274416959,0.007275528975023331
5371.922691534604,0.5057153638559289,0.0071202572047197625
5389.88100796915,0.5112048658581964,0.00702192292336735
5407.899358984922,0.5259542608482661,0.0068617061983161295
5425.977945277293,0.4669090532621033,0.006684073825213018
5444.116968212549,0.47917182207524567,0.006522103093257433
5462.316629830153,0.44894469589241714,0.006396839512128355
5480.577132844979,0.4643173754393661,0.006352281244409862
5498.89868064958,0.4757952251935006,0.00631496349404197
5517.28147731645,0.5022967482597138,0.006251346767740547
5535.725727600293,0.5195065981431581,0.006172794443638814
5554.23163694031,0.5170881646092693,0.0061608512664616
5572.79941146248,0.5119838306591222,0.006367837818234855
5591.429257981867,0.5112047921190361,0.00626157616872089
5610.121384004915,0.49255728267060345,0.005961046774173765
5628.875997731756,0.49805895230035974,0.0058361542280635295
5647.69330805854,0.47309676491765906,0.005676888629476498
5666.573524579752,0.4531342860810673,0.005561647942629319
5685.516857590555,0.46311341650838184,0.0054467607582761295
5704.523518089128,0.4578902228155589,0.005354418943944338
5723.593717779009,0.45740095611785236,0.0052820356296601825
5742.727669071467,0.44928386492381417,0.0051683897152127855
5761.925585087854,0.4604873589162589,0.005107259940201194
5781.187679661996,0.46372503417047345,0.005034199058978706
5800.5141673425605,0.47166921339335177,0.004991910070345719
5819.905263395445,0.48065559498613064,0.004976604246764052
5839.361183806187,0.4906890278777614,0.004908390927054443
5858.882145282354,0.4781503358299999,0.004821045694064283
5878.468365255977,0.4741644719392671,0.004786887884927579
5898.12006188596,0.46869763314355983,0.004786091277022404
5917.837454060502,0.45100946933273467,0.004732327680026512
5937.620761399551,0.4591757227922656,0.0046305547781051535
5957.470204257241,0.43737845866469904,0.004941564796255874
5977.386003724353,0.4415035759280804,0.0050139327088729365
5997.368381630775,0.4363068150512686,0.004501328543438533
6017.417560547961,0.43350203120767783,0.004428062780795326
6037.533763791432,0.43587448991632355,0.004429053097313867
6057.717215423248,0.4014830546103962,0.004191763520283641
6077.968140254503,0.3687897672663636,0.004015042587115622
6098.286763847838,0.3133071589253951,0.0038255325142242803
6118.673312519953,0.26975028664034084,0.003663845237083451
6139.128013344114,0.2558988497236137,0.003585998286213339
6159.651094152697,0.27051679731999373,0.0036258715281362514
6180.242783539723,0.2895978935513571,0.003659225780877611
6200.903310863401,0.3018526025118735,0.0036160685631984792
6221.632906248681,0.3188381700028231,0.003621437702036131
6242.431800589825,0.3383523504951251,0.003615790778408117
6263.300225552964,0.34244094613294607,0.0035842481620490946
6284.238413578695,0.3519331385516986,0.0035596212761630107
6305.246597884667,0.35191040674697127,0.003518656441740603
6326.325012468166,0.3424199600044928,0.0034717074042521097
6347.4738921087355,0.3465012821008452,0.0034495026065389177
6368.693472370778,0.3300294965253232,0.00339441843803445
6389.9839896061985,0.3286356859135138,0.0033084656761706243
6411.345680957023,0.32083976125643804,0.0032989849026345847
6432.7787843580345,0.3212609290470121,0.0032659587793340368
6454.283538539437,0.3124941778687401,0.003218933134558749
6475.860183029508,0.30987559597211434,0.0032574592626166132
6497.508958157264,0.30744005285819587,0.0033560674985275486
6519.230105055148,0.3013852997665959,0.0034526784466250974
6541.023865661702,0.30095809807397433,0.003337552471806583
6562.890482724266,0.2862328988425139,0.0032016281246712137
6584.830199801685,0.27577787699191214,0.003096423521191844
6606.843261267024,0.27405341141799344,0.003038845070007949
6628.929912310285,0.26233209184849016,0.00297653162454386
6651.0903989411345,0.26540011239124783,0.002925657958351281
6673.324967991654,0.26668234165362903,0.0028958594816867298
6695.633867119077,0.25126053609219257,0.0028453282314384303
6718.017344808559,0.2414240250292149,0.002767809906042676
6740.475650375945,0.23739775338476277,0.0027276217145214775
6763.009033970533,0.23668544595070246,0.002735022214143218
6785.617746577873,0.22465250852310834,0.002716873034207619
6808.302040022556,0.22590802152080336,0.002705306610800012
6831.062166971027,0.21860987251753145,0.0026804029585067194
6853.898380934393,0.20857008756904133,0.002824733198058057
6876.81093627124,0.192986156299147,0.0029010622093375714
6899.8000881904845,0.1966483804176082,0.002865256128049495
6922.866092754194,0.19229867804763684,0.00279931737078818
6946.0092068804615,0.17693961051479626,0.0027683552531581855
6969.229688346255,0.18506742317500638,0.0027030051124044712
6992.52779579028,0.18134350396614654,0.0026288727718596565
7015.903788715879,0.17384684399218306,0.0025304518099142507
7039.357927493908,0.16643553447403692,0.0024457237416042176
7062.890473365647,0.16270598306622486,0.002417125668829884
7086.501688445705,0.158879572760288,0.0024769318682783064
7110.191835724931,0.163847417746197,0.0024478961328963196
7133.961179073358,0.15692790934891315,0.0024546165280618887
7157.809983243131,0.15616043723701278,0.002394620482782435
7181.738513871466,0.15022770884638845,0.002458256506703847
7205.747037483605,0.14814548391929086,0.003338434876814857
7229.835821495773,0.15002261978199694,0.003371172400055191
7254.005134218174,0.13987328753553746,0.0027548463716003083
7278.255244857964,0.14144404313937392,0.002376558355817829
7302.586423522268,0.13186768834562693,0.0024866285853150463
7326.998941221176,0.12996347770969469,0.0025432078924375176
7351.493069870756,0.1261426057768467,0.002500787744290874
7376.069082296098,0.11860433322770189,0.0024590515508686665
7400.727252234339,0.1179644341271905,0.002507992019537342
7425.467854337722,0.11442681921457973,0.0024654746761507617
7450.291164176657,0.10960252106730685,0.002581286015060929
7475.197458242774,0.1075186287991412,0.0024475190035018715
7500.187013952019,0.09469667704669234,0.002529239057588698
7525.260109647734,0.09425042017235476,0.002396847727494313
7550.4170246037675,0.09671787642334487,0.0023764555756676142
7575.658039027581,0.10374501923281448,0.002443868900748912
7600.9834340633615,0.0971958493951661,0.0023448052785063757
7626.393491795165,0.09747857101756124,0.002223823915608381
7651.888495250046,0.09822911005152149,0.002134569541618281
7677.468728401224,0.09424332500346543,0.002087069291777539
7703.134476171246,0.09534399092210503,0.0020503482002162425
7728.886024435141,0.09696898397252542,0.0020674492326599537
7754.723660023623,0.10340416727498644,0.0020945233744101115
7780.6476707262755,0.10925501431737566,0.0020853375977593516
7806.658345294771,0.10808427115893166,0.002085292341199005
7832.755973446074,0.11143952633355893,0.0021936859631303206
7858.940845865665,0.10867241727296602,0.002613211556182201
7885.213254210794,0.11400511640387802,0.0024037032189547403
7911.573491113709,0.11700266811894047,0.002726182043398699
7938.021850184939,0.11907405615691313,0.0024755629642624712
7964.558626016547,0.11196330186200643,0.002577793459039496
7991.184114185413,0.10790488612318529,0.0025941092289191122
8017.898611256533,0.11225754922687625,0.002463716654985002
8044.702414786312,0.1071418654684334,0.002314309272132311
8071.595823325894,0.11359904506697764,0.002181247569494441
8098.57913642448,0.10546338066134833,0.002046595966368008
8125.652654632648,0.1005142951315893,0.0019986281522320756
8152.81667950573,0.10871332868713604,0.0020497859888243797
8180.07151360715,0.09856162200712242,0.0022729450720989663
8207.417460511802,0.08659963661228404,0.0023443320104884597
8234.854824809423,0.08596840567315675,0.002106523976569978
8262.383912108004,0.09256760602023813,0.0019313737897982115
8290.005029037178,0.09491723583083944,0.0021957492280241845
8317.718483251632,0.09466305095483456,0.002757176122334931
8345.524583434553,0.0944491524594939,0.0023548628414249485
8373.42363930105,0.09518841947268072,0.0028834727150597148
8401.415961601604,0.11226985060703458,0.0024496629430721508
8429.501862125539,0.11887605829890972,0.0027120010508940692
8457.681653704487,0.12056047941120249,0.0027880310712243704
8485.955650215876,0.11808253678415334,0.0025965606051490888
8514.324166586423,0.11816621398619226,0.0025632653084611714
8542.787518795645,0.12676936676081346,0.0024819480372980274
8571.346023945849,0.12178487345871444,0.0023053654508364886
8600.000000000004,0.11665370853750501,0.0022211280060765158
