wave,flux,sigma
3300.0000000000005,0.1270158850697043,0.006066608396849688
3311.0318870238752,0.1308183916488021,0.005897009394073019
3322.1006535769357,0.12824519358571201,0.005761294284843466
3333.2064229988164,0.1450539692617065,0.005693517782534864
3344.349318964206,0.14796623526957453,0.0055636884248893076
3355.52946558699,0.14196851217460904,0.005491789869352708
3366.7469873959726,0.1502039885570778,0.005326803764702346
3378.0020093362546,0.14986987688047276,0.005186498300489196
3389.2946567706267,0.16903751789912203,0.005248405356959571
3400.6250554809667,0.17383218689191776,0.005233872155484336
3411.9933316696415,0.19163347897046784,0.005188716986292338
3423.3996119609133,0.20738099176012548,0.005263595968166606
3434.844023402349,0.21054791452673371,0.005270436409210978
3446.3266934662315,0.2184640385091508,0.005123185184956416
3457.847750050986,0.2056080064340101,0.005057320373538637
3469.4073214825994,0.2171546143373299,0.00504464315634189
3481.0055365160556,0.22655500510937565,0.004987880416065429
3492.6425243367635,0.22631229164899572,0.004880941727526464
3504.318414561997,0.2217027785117543,0.004787902719051216
3516.033337242342,0.19698679058253118,0.004718147362104223
3527.7874228631417,0.20465781357721485,0.0046049439995060485
3539.5808023459526,0.18423452098798335,0.004528460061896346
3551.4136070500026,0.17415495501126482,0.004459926251181496
3563.28596877365,0.1775962385265576,0.004418618118733495
3575.198019755855,0.14733566723065752,0.004325102651567905
3587.149892677652,0.11495292431679852,0.004139336266087111
3599.1417206636297,0.10065055348857627,0.003940081317196964
3611.173637283412,0.07878785156744314,0.0037671153522222476
3623.2457765531435,0.07088616495548743,0.0035611440576408093
3635.3582729369846,0.06425424962999673,0.003412357223438626
3647.511261348607,0.0524183282416153,0.0032917788463878
3659.7048771527016,0.05891096796686227,0.003257364109691121
3671.9392561664827,0.07393438446608908,0.0032871691998428046
3684.2145346612006,0.07255032684104348,0.0032890882719531687
3696.5308493636576,0.0699694773627457,0.0033049473253809014
3708.8883374577335,0.09000670494473936,0.0033655682913582806
3721.2871365859164,0.09680959023408575,0.0033599212425754737
3733.7273848508326,0.12036420529109387,0.003255563667865781
3746.2092208167815,0.14118472094120968,0.0032645733380477658
3758.7327835112833,0.15922189342397788,0.0033665176328488253
3771.298212426627,0.17578638028180196,0.0034293573763845256
3783.9056475214256,0.2011697452957688,0.0034123417228485997
3796.555229222173,0.21152167819369314,0.003554777309971054
3809.247098424805,0.2450233137366452,0.0037293094651004275
3821.981396496276,0.26315776649254036,0.0037145295289259836
3834.758265276125,0.28219552747221355,0.0037047800694509606
3847.577847078064,0.28931957243802764,0.003685901276931061
3860.4402846915605,0.2883986031031831,0.0036480781435709016
3873.3457213834213,0.28324839032838767,0.0036608910747840426
3886.294300899397,0.2763764763521069,0.0037100690238141614
3899.2861674657775,0.2882894553096418,0.003799461374478815
3912.3214657910025,0.2829916411318987,0.003834900993441513
3925.4003410672735,0.2849406997310937,0.003836993768430923
3938.5229389721653,0.28221995207613126,0.0038957221776154357
3951.689405670252,0.2901966651568254,0.0038359732100535777
3964.8998878147377,0.2962218685815062,0.0036743741699678607
3978.154532549086,0.30155093328535487,0.0036383649061053638
3991.453487508664,0.3042547086808094,0.003576512336726154
4004.796900822377,0.3052060311391024,0.0035978991733810464
4018.18492111433,0.3050495759426106,0.003656621176517522
4031.617697505474,0.3090537511110135,0.0036720711361172835
4045.0953796152735,0.315472766852194,0.003664954925191317
4058.618117563371,0.3129995950143858,0.0036407662904329955
4072.1860619712556,0.3024649711104983,0.003558441071716448
4085.799363963945,0.2938418306932135,0.003396523097504404
4099.458175171663,0.28583934145477097,0.0032951426546607623
4113.162647731542,0.2774649437672301,0.0032452993156331924
4126.912934289301,0.27893220233568006,0.0032194120465579546
4140.709188000954,0.26789262706644523,0.0031987298670963686
4154.551562534517,0.2538093740549388,0.003143203629459355
4168.440212071713,0.22970626042074205,0.003046582829509916
4182.3752913097,0.1979982086736809,0.0029184096415586056
4196.356955462785,0.18071492672078465,0.002798000475063358
4210.385360264156,0.1570823837413009,0.00273152479878654
4224.460661967617,0.1433069470298287,0.0027072767513656197
4238.583017349324,0.14003316282034506,0.002653918731348688
4252.752583709542,0.12990567715906923,0.002635716749073792
4266.969518874386,0.1401703175413591,0.002605963746836882
4281.233981197582,0.14744076777038667,0.0025977625553643834
4295.5461295622345,0.16412674357621257,0.0026446028723547893
4309.906123382591,0.1743264881902692,0.0027271191518850996
4324.314122605823,0.19224752603237213,0.002807058233818721
4338.770287713807,0.20694994604673583,0.0027952046229141646
4353.274779724901,0.21728337383830407,0.0027735215747682488
4367.827760195754,0.2121322826687745,0.0028009381205176334
4382.429391223097,0.21437399245689254,0.0028179780865293966
4397.079835445547,0.21758003149972965,0.002801039360707681
4411.779256045427,0.23046605621242439,0.002812333445607166
4426.527816750571,0.24026229085816891,0.0028414362219870114
4441.32568183616,0.25907235227583436,0.0028468165381734813
4456.17301612654,0.26294810428268434,0.0028747662589693845
4471.06998499707,0.26865396435906364,0.0028573157898182664
4486.01675437596,0.26185335739834215,0.002848570532779302
4501.013490746111,0.26241693669436367,0.0028368985507137377
4516.060361146975,0.2627125944558781,0.002802757409801233
4531.157533176423,0.2513181384077223,0.0027616410739652636
4546.3051749926035,0.2339301639528949,0.002678637434845219
4561.503455315809,0.21356365161245588,0.002621349013376322
4576.752543430374,0.19291373797615075,0.002542525408712235
4592.052609186547,0.18427136882826275,0.0025038174265373586
4607.403823002376,0.1763311673474598,0.0024903604211193027
4622.8063558656295,0.17011407051756394,0.0024405942052545086
4638.260379335682,0.16337504370050693,0.002378733093105504
4653.766065545426,0.143146086003819,0.0023585396598240996
4669.323587203196,0.13520783026455008,0.002336778487197049
4684.933117594696,0.13709517191716541,0.0022876087480110936
4700.594830584916,0.1316840356588709,0.002263191195638832
4716.308900620076,0.13839400129947466,0.002261405112556681
4732.075502729573,0.14475346486839646,0.0022469614391760467
4747.894812527928,0.14286003924055973,0.002239282462154028
4763.767006216733,0.13355707125285965,0.0022392775309031335
4779.692260586626,0.12440405522494138,0.0022363090240813846
4795.67075301926,0.11833928444523788,0.002223020969856828
4811.702661489265,0.11602156103724454,0.002214465712819822
4827.7881645662455,0.1174858427387086,0.002217697024384992
4843.927441416762,0.11140574864925021,0.002243804578790812
4860.120671806329,0.11166137629969741,0.0022886559984719567
4876.368036101411,0.11847416444998304,0.0023496357311462
4892.669715271444,0.117968608683656,0.0024516517310957213
4909.025890890844,0.11468636013632102,0.002608255399116984
4925.436745141022,0.12557259489126615,0.0028360604710951725
4941.902460812428,0.12560744502077953,0.0030183366103798577
4958.423221306581,0.1366233271672519,0.003156889521976312
4974.999210638101,0.14822020084381748,0.0029897321815586303
4991.630613436779,0.15702826275295484,0.0028119934003079175
5008.317614949616,0.1745266612604237,0.0027688672085217003
5025.060401042893,0.17737347795940772,0.003916422535479346
5041.8591582042445,0.17113924005626424,0.004656535866899819
5058.71407354473,0.1932566537814745,0.004188305349665689
5075.625334800925,0.1975620058488211,0.003702830488418076
5092.593130337,0.19397929421463186,0.0032379674051238507
5109.61764914683,0.19484143542156973,0.0029902437165870125
5126.699080856102,0.1901625954471581,0.0028841652804160677
5143.837615724411,0.1786475669182091,0.0027847562624705867
5161.033444647393,0.17374724309464795,0.002718392140185486
5178.286759158847,0.16754170830463364,0.0026090491346172384
5195.59775143287,0.15603261633027096,0.002428128310548172
5212.966614285993,0.14510966829397537,0.0023139608041185897
5230.393541179339,0.14689355562703726,0.0021986700859234244
5247.878726220767,0.14105052722714084,0.0020701833924388867
5265.4223641670305,0.13848989171047366,0.0019900627303820724
5283.024650425963,0.14430976626297537,0.001952604790287939
5300.685781058646,0.14378720683659416,0.0019256822781419617
5318.405952781588,0.14427589742867009,0.0018676301900693681
5336.185362968923,0.14503041167741146,0.0018030139623137628
5354.024209654601,0.13916008118042836,0.0017446685052168178
5371.922691534604,0.1354714794814058,0.0017004570743649975
5389.88100796915,0.13574947695531453,0.0016660822331710148
5407.899358984922,0.13851084016410392,0.0016452522595041402
5425.977945277293,0.1438059446824581,0.0017732247282213711
5444.116968212549,0.15887527424880826,0.0017961657018246502
5462.316629830153,0.1665956081374329,0.001724835104495628
5480.577132844979,0.17424636158799095,0.001658589907577733
5498.89868064958,0.1762532894116186,0.001631533267793196
5517.28147731645,0.1721998814940392,0.0015779600990693569
5535.725727600293,0.1737161748784815,0.0015430734502594426
5554.23163694031,0.174390667152613,0.0015334000183830005
5572.79941146248,0.17216752232952934,0.0015147049947058795
5591.429257981867,0.1742822937860184,0.0014735617282727194
5610.121384004915,0.1691897741023594,0.0014473978801013232
5628.875997731756,0.17111518976851067,0.0014245371620843455
5647.69330805854,0.16933287172992195,0.0013894183639695794
5666.573524579752,0.16658942556797657,0.00137194978397335
5685.516857590555,0.1655226471798114,0.0013537148918555488
5704.523518089128,0.16154814514928528,0.001333919342103884
5723.593717779009,0.16077844254630638,0.0013198473477521603
5742.727669071467,0.15767903696300717,0.0013235466759480598
5761.925585087854,0.1574104612351257,0.0013110275191206395
5781.187679661996,0.15848123160027716,0.0012652118586310758
5800.5141673425605,0.1571690891935361,0.0012448737539660637
5819.905263395445,0.1592583090940714,0.0012377929922622471
5839.361183806187,0.15058669924837642,0.0012041554780673157
5858.882145282354,0.13485704427060008,0.0011462483348848391
5878.468365255977,0.11727217187764268,0.0010853398325761279
5898.12006188596,0.10061469242620966,0.0010444211475198121
5917.837454060502,0.09430490754893586,0.001021699636301571
5937.620761399551,0.08747527055416546,0.000978704143743394
5957.470204257241,0.0782917418160509,0.0009366408555150299
5977.386003724353,0.07180686181971103,0.0009096352338179289
5997.368381630775,0.07075250880215922,0.0008924637060048773
6017.417560547961,0.07258399541615755,0.0008898530062646362
6037.533763791432,0.07775212593362071,0.0008976389411526797
6057.717215423248,0.07987830023761061,0.0009037207944563896
6077.968140254503,0.08291197642152812,0.0009075086528201068
6098.286763847838,0.0898304511998412,0.0009108164296699083
6118.673312519953,0.10336180679497577,0.0009205371149869457
6139.128013344114,0.11452715331314918,0.0009396321915099191
6159.651094152697,0.12457561121072942,0.0009561188779078433
6180.242783539723,0.13208818491340793,0.0009557600414996669
6200.903310863401,0.14167768308353923,0.0009498762530573352
6221.632906248681,0.1471087529243555,0.0009619765986861413
6242.431800589825,0.15401414186573892,0.0009601161536307063
6263.300225552964,0.1578071812787979,0.0009558046360075044
6284.238413578695,0.15673979492178106,0.0009552707066011794
6305.246597884667,0.15658782115608003,0.0009484876968210749
6326.325012468166,0.1553515836132752,0.0009365091989132177
6347.4738921087355,0.14957611508654256,0.0009265108731677333
6368.693472370778,0.15182100012520428,0.0009174114180893181
6389.9839896061985,0.14453095907497623,0.0008967539171244023
6411.345680957023,0.14417894509571316,0.0008852266664774435
6432.7787843580345,0.13508581255275195,0.0008660206718745673
6454.283538539437,0.13055276630865872,0.0008390481651353401
6475.860183029508,0.12621871832658377,0.0008229842734975892
6497.508958157264,0.1243173616718378,0.0008143528728676552
6519.230105055148,0.11884777376356778,0.0008106909088979525
6541.023865661702,0.117997210931433,0.0008294552722446425
6562.890482724266,0.11777752642169703,0.0008359390559801173
6584.830199801685,0.11195998340122902,0.0007895185513529379
6606.843261267024,0.10850111993600461,0.0007579169742432247
6628.929912310285,0.10541747059647766,0.0007474518636073374
6651.0903989411345,0.10328022036536808,0.0007469994547466793
6673.324967991654,0.10442690037016342,0.0007407233030396398
6695.633867119077,0.09914714445244084,0.0007584512294808803
6718.017344808559,0.09897665278300066,0.0007678419989020013
6740.475650375945,0.09568377683044196,0.0007306892513435715
6763.009033970533,0.09476150796990779,0.0007073467898134209
6785.617746577873,0.09243154139784922,0.0006937672032558265
6808.302040022556,0.0919096002396021,0.0006815825943280474
6831.062166971027,0.09044772852487395,0.0006739967231291429
6853.898380934393,0.08667975697395222,0.0006646852690904064
6876.81093627124,0.0902142062227981,0.0006667219137822052
6899.8000881904845,0.08774728102944748,0.0006619103202717878
6922.866092754194,0.086723015574555,0.0006529690470585836
6946.0092068804615,0.08692105424623348,0.0006483365603050933
6969.229688346255,0.08573677742357552,0.0006433672581826707
6992.52779579028,0.08586418630395432,0.0006497056506516688
7015.903788715879,0.08543131579917979,0.0006505597910919509
7039.357927493908,0.08637506309041487,0.0006430910797524098
7062.890473365647,0.0840199588781884,0.0006630589347784668
7086.501688445705,0.08382196108890937,0.0006703941409927145
7110.191835724931,0.08354366892128964,0.0006602125275995123
7133.961179073358,0.08134524579095216,0.0006418535390868317
7157.809983243131,0.080078516832531,0.0006354768423273354
7181.738513871466,0.07956037169670879,0.0006272042361849386
7205.747037483605,0.07660451668081204,0.0006147476228967633
7229.835821495773,0.07385674498533726,0.000603356595943231
7254.005134218174,0.0723303505778006,0.0005960621914378404
7278.255244857964,0.0694362614118358,0.0005948533555884223
7302.586423522268,0.06672173192891007,0.0005877382830452289
7326.998941221176,0.06411740944775568,0.0005782320309219699
7351.493069870756,0.0632727989976776,0.0005752299939961216
7376.069082296098,0.06308601139552189,0.0005760788866105449
7400.727252234339,0.0639631998757099,0.0006862620580001042
7425.467854337722,0.06754141841723882,0.0008216466388647834
7450.291164176657,0.06397829272933515,0.0007245480939806778
7475.197458242774,0.06515445394848832,0.0006283763136369774
7500.187013952019,0.06393572734696748,0.0005780268653770283
7525.260109647734,0.06466349708375457,0.0005989404597968224
7550.4170246037675,0.06511584457574918,0.000598848691383371
7575.658039027581,0.06422473227253733,0.0005939574539736361
7600.9834340633615,0.06405904597609376,0.0005896488532715561
7626.393491795165,0.06282565126908082,0.0005928267628935537
7651.888495250046,0.06644662939400275,0.0006056160676872934
7677.468728401224,0.06541155217281182,0.0006131860434594593
7703.134476171246,0.06334721773124302,0.0006017018258270379
7728.886024435141,0.06268303068833464,0.0005992067301433621
7754.723660023623,0.06082363342074442,0.0005759632579213465
7780.6476707262755,0.05746302003701479,0.0005798375561373095
7806.658345294771,0.053716683598760626,0.0005662911544511449
7832.755973446074,0.048285223059669743,0.0005428003520988964
7858.940845865665,0.043935857393126374,0.000522549939757794
7885.213254210794,0.040320683965297956,0.000509763793843157
7911.573491113709,0.03356682621585356,0.0004897186392457076
7938.021850184939,0.03164751483498687,0.00047907769521408406
7964.558626016547,0.03155818986108799,0.00047829835023733473
7991.184114185413,0.029912470463789437,0.0004794253530120342
8017.898611256533,0.02907881051692772,0.00047763327532476964
8044.702414786312,0.03139381808765654,0.0004771848280256794
8071.595823325894,0.03233774426958076,0.0005143346452668407
8098.57913642448,0.03480842663085561,0.0005424088307112713
8125.652654632648,0.035839351926721344,0.0005334733629435501
8152.81667950573,0.0370563571668983,0.0005578573995673943
8180.07151360715,0.043193794122420304,0.0005493433073847418
8207.417460511802,0.04625375406584599,0.0005752359840087861
8234.854824809423,0.05055971329620602,0.0005763374092143069
8262.383912108004,0.0518964143946175,0.0005708155250405052
8290.005029037178,0.055860699891166744,0.00055493347178098
8317.718483251632,0.055904312461855565,0.0005451111537993203
8345.524583434553,0.05836005421594702,0.0005456409070123294
8373.42363930105,0.06004077388239752,0.0005489277334564831
8401.415961601604,0.062113271321724776,0.0005882881684174176
8429.501862125539,0.0632911116513063,0.0006261817534881898
8457.681653704487,0.06287162296526624,0.0006151144201242058
8485.955650215876,0.0630482854900098,0.0005642439815988317
8514.324166586423,0.06176773735708891,0.0005480008287852057
8542.787518795645,0.060476930365947285,0.0006055934068293134
8571.346023945849,0.06124652363028946,0.0006143021920159948
8600.000000000004,0.0588108254442826,0.000602155870414528
