wave,flux,sigma
3300.0000000000005,0.001846218108534228,0.0020968421893343193
3311.0318870238752,0.003018407359267614,0.0020548886932688737
3322.1006535769357,0.006161327779408762,0.002007997106934847
3333.2064229988164,0.003059889686721751,0.0019218509766701255
3344.349318964206,0.00482687084273801,0.0018055337281145136
3355.52946558699,0.004401702184697079,0.001756089635975144
3366.7469873959726,0.006468994127631668,0.0016978150684599331
3378.0020093362546,0.0028083002007670685,0.0016047561662098757
3389.2946567706267,0.002772343352252898,0.0015813848319703198
3400.6250554809667,0.0020342742461633406,0.0015185553212349089
3411.9933316696415,0.002197794367935094,0.0014748541329167582
3423.3996119609133,0.004254678371864207,0.0015089059078904356
3434.844023402349,0.006466276244620213,0.001483930907961725
3446.3266934662315,-9.967842468740345e-05,0.0013994286369501555
3457.847750050986,0.004213987152993006,0.001326919584994098
3469.4073214825994,0.0040996653025704,0.0013190043243221131
3481.0055365160556,0.004364665676017822,0.001333858995033344
3492.6425243367635,0.005375941807099252,0.0013367161020238355
3504.318414561997,0.005727478058350788,0.0013133960083372969
3516.033337242342,0.0070285297715701935,0.0012757053084965556
3527.7874228631417,0.004832116632332774,0.001221749841469539
3539.5808023459526,0.006302317918341335,0.001184564486178188
3551.4136070500026,0.0065025312981166995,0.0011689071631444503
3563.28596877365,0.0027258530060232924,0.0011666045343212642
3575.198019755855,0.004197578869647207,0.0011708429644955204
3587.149892677652,0.005457557196408095,0.0011532912091903214
3599.1417206636297,0.0052375670548678276,0.0011150626276888026
3611.173637283412,0.006866826240257749,0.0010779513735434195
3623.2457765531435,0.006745329805221819,0.0010610654136149577
3635.3582729369846,0.009335819474486216,0.0010430561968242324
3647.511261348607,0.007015681155984088,0.0010388061638025876
3659.7048771527016,0.008189166464223123,0.0010348916430276995
3671.9392561664827,0.009982222518706155,0.001025280633320219
3684.2145346612006,0.010347226138827773,0.0010213609251128336
3696.5308493636576,0.01090330407869456,0.0009975672402924671
3708.8883374577335,0.01148291709446306,0.0009949157578844781
3721.2871365859164,0.011001800243941071,0.0009868077371353555
3733.7273848508326,0.008199686522724594,0.0009460442970155862
3746.2092208167815,0.008647424325462852,0.0008905135254141804
3758.7327835112833,0.007087665419870635,0.0008818778330543726
3771.298212426627,0.006735025384192335,0.0008654946610610099
3783.9056475214256,0.005324553414469531,0.0008312164371036679
3796.555229222173,0.004982494130193537,0.0008142388495831198
3809.247098424805,0.003509508000532664,0.0008190658421645012
3821.981396496276,0.005586391774877927,0.0008139656452779492
3834.758265276125,0.006533298222660332,0.0008297686541609788
3847.577847078064,0.00919422496250623,0.0008355682660601747
3860.4402846915605,0.011090327393675523,0.0008272574846533496
3873.3457213834213,0.011059161282173591,0.000825619861644277
3886.294300899397,0.01261689969306929,0.0008285274051594521
3899.2861674657775,0.013959211736762005,0.0008387803471838105
3912.3214657910025,0.015067106951042988,0.0008682983288888365
3925.4003410672735,0.01561712031110732,0.0008898929679099335
3938.5229389721653,0.017349319372166057,0.0008843267612881532
3951.689405670252,0.019260261646995284,0.0008496568960083477
3964.8998878147377,0.017570198508257875,0.0008087489498117166
3978.154532549086,0.017535075606779554,0.0007885567937770375
3991.453487508664,0.01630541669019614,0.0007762453107897472
4004.796900822377,0.012943590696238802,0.0007802604950557621
4018.18492111433,0.013199141276433787,0.0007890007397187142
4031.617697505474,0.011334402420609423,0.0007747857807565453
4045.0953796152735,0.01151512146352998,0.000752339263350188
4058.618117563371,0.011030832016783,0.0007360517263661495
4072.1860619712556,0.010914784726735065,0.000716651250292198
4085.799363963945,0.01130655063798457,0.0006923515693342613
4099.458175171663,0.01122124567534148,0.0006764576824570104
4113.162647731542,0.010073508009591916,0.0006650686725032983
4126.912934289301,0.009430360341042537,0.0006578067726145365
4140.709188000954,0.010556176019117267,0.0006610325177357631
4154.551562534517,0.011411588920467057,0.0006692740637766329
4168.440212071713,0.012878343205061264,0.0006706538016502522
4182.3752913097,0.011006603814995667,0.0006723862292246791
4196.356955462785,0.011482668814516928,0.0006683095570122134
4210.385360264156,0.012429458537078227,0.0006640294487395785
4224.460661967617,0.012917084127868142,0.0006595161209645803
4238.583017349324,0.013567665771239973,0.0006550502323229948
4252.752583709542,0.012686467131216399,0.0006517511869998845
4266.969518874386,0.013214841593713673,0.0006386070404248668
4281.233981197582,0.014345812126136375,0.0006374103982906581
4295.5461295622345,0.01409833811714667,0.0006456583170615891
4309.906123382591,0.014548889034051113,0.0006550608356826886
4324.314122605823,0.0158058855846101,0.0006623708216048504
4338.770287713807,0.015031346623161863,0.0006483826079770499
4353.274779724901,0.01348009209866231,0.000628305880487779
4367.827760195754,0.011371850574809363,0.0006170454454787551
4382.429391223097,0.009164402129463456,0.0006038226010474536
4397.079835445547,0.010055812333087659,0.0005850693012591319
4411.779256045427,0.00861216540405439,0.0005831717129893206
4426.527816750571,0.008328727099757316,0.0005826391208498205
4441.32568183616,0.009691427405784107,0.0005816062383476862
4456.17301612654,0.00910140666940535,0.0005847513133551445
4471.06998499707,0.010388747400612618,0.0005849638000871735
4486.01675437596,0.010475617354304221,0.000593060118675121
4501.013490746111,0.012039160739431318,0.0005953506463833762
4516.060361146975,0.013193306039501841,0.000607581244655758
4531.157533176423,0.016408930098687567,0.0006244845331464487
4546.3051749926035,0.019998154416179366,0.0006412185527317617
4561.503455315809,0.023273510290527835,0.0006650568778746158
4576.752543430374,0.026933595735435092,0.0006784124537949327
4592.052609186547,0.02900896234884484,0.0006903192894553056
4607.403823002376,0.02837801349018077,0.0006980111043618419
4622.8063558656295,0.029820817914935103,0.0006933355171599634
4638.260379335682,0.030069875812875842,0.0006874439878791431
4653.766065545426,0.025630555192387158,0.0006772088524713647
4669.323587203196,0.022477920716687572,0.0006515317120610848
4684.933117594696,0.020124246853226085,0.0006216004725886161
4700.594830584916,0.015377703999462089,0.0005922020547797171
4716.308900620076,0.013395437309111692,0.0005763894486485515
4732.075502729573,0.012510148763795255,0.0005759253255528924
4747.894812527928,0.011597181048746717,0.0005762124376982277
4763.767006216733,0.012909545469141354,0.0005840753410430674
4779.692260586626,0.01441864080099331,0.0005956958118126344
4795.67075301926,0.015198114730908222,0.0006132603917210342
4811.702661489265,0.016140178269932717,0.0006266930875416066
4827.7881645662455,0.016454351095231905,0.0006290714615009897
4843.927441416762,0.015802235335439868,0.0006354639017305518
4860.120671806329,0.015971214400237983,0.0006527122510272932
4876.368036101411,0.016747208350349162,0.000693105009273111
4892.669715271444,0.019372622229494735,0.0007683791657047471
4909.025890890844,0.024369443393336503,0.0008604327068420401
4925.436745141022,0.027935684118181987,0.0009425661197668445
4941.902460812428,0.027673275663102195,0.001010214868943274
4958.423221306581,0.02785272049802366,0.0010278667391221668
4974.999210638101,0.02136125444936153,0.0010020752328094404
4991.630613436779,0.018517423444947965,0.0009599882498812825
5008.317614949616,0.015034946335009614,0.0009100438369805526
5025.060401042893,0.015897868131763956,0.0008128359656712376
5041.8591582042445,0.012349903390416746,0.0008223614420331591
5058.71407354473,0.01304952068520708,0.0008222863274410052
5075.625334800925,0.012966457772431137,0.0011409171287837007
5092.593130337,0.014041849705578655,0.0009416854790834355
5109.61764914683,0.013328456352323648,0.0008518376973394603
5126.699080856102,0.015618371950838874,0.0008187432381681691
5143.837615724411,0.011876991245401782,0.0007947429321262327
5161.033444647393,0.014849317121127328,0.0007779921233469467
5178.286759158847,0.016440278375819697,0.0007595575964395818
5195.59775143287,0.01935247606762902,0.00072865093326919
5212.966614285993,0.02033067491884584,0.0007097640184039218
5230.393541179339,0.022119283144287297,0.000681216471734406
5247.878726220767,0.0263320666413103,0.0006539300287434267
5265.4223641670305,0.025853839281840176,0.0006448722874604814
5283.024650425963,0.02870832676962395,0.0006343228663254896
5300.685781058646,0.030125926637046704,0.0006271541366880248
5318.405952781588,0.029185112720003223,0.000607841522690291
5336.185362968923,0.031613659665173564,0.000590909819904724
5354.024209654601,0.03163712115658648,0.0005792838057373355
5371.922691534604,0.032612956318198646,0.0005643291708754107
5389.88100796915,0.032650585161372134,0.0005555753154180102
5407.899358984922,0.03412702269492623,0.0005478909125480037
5425.977945277293,0.035120273240280706,0.0005497341265486652
5444.116968212549,0.03974994072398049,0.0005585551755344589
5462.316629830153,0.04489041153341136,0.0005859231279822269
5480.577132844979,0.04751392474696896,0.0006863811396185884
5498.89868064958,0.04977744814820096,0.0006835573279407899
5517.28147731645,0.051673999057283204,0.0005690823161476225
5535.725727600293,0.04923367429427792,0.0005496998651345424
5554.23163694031,0.04892409511161576,0.0005364729663569582
5572.79941146248,0.0481769850684026,0.0005244661963537265
5591.429257981867,0.04621056130084274,0.0005024211092663674
5610.121384004915,0.041413249080752175,0.00048048772425893487
5628.875997731756,0.03684232579750413,0.0004557051562793972
5647.69330805854,0.03197972815438466,0.00042833039570235753
5666.573524579752,0.02933192167477178,0.00041182430471148503
5685.516857590555,0.028451054640568955,0.0003966806288199386
5704.523518089128,0.026002259871465375,0.0003877947365038157
5723.593717779009,0.028015213984942278,0.00039057616287359206
5742.727669071467,0.03173920550025736,0.0003988159275074656
5761.925585087854,0.0358727773405651,0.00041457132985369733
5781.187679661996,0.038819909670700536,0.0004343954811544776
5800.5141673425605,0.04073390474586733,0.000440348310587378
5819.905263395445,0.04209872743049162,0.0004336685387414335
5839.361183806187,0.04194636932835883,0.0004189905994977038
5858.882145282354,0.03994120201258058,0.0004031438994406894
5878.468365255977,0.03783298958783573,0.00038926875229442295
5898.12006188596,0.035793119204621984,0.0003823642198603716
5917.837454060502,0.03584896118475607,0.0003759272202935385
5937.620761399551,0.03294893495809692,0.00035920906049006563
5957.470204257241,0.028767507344158387,0.0003393356806898361
5977.386003724353,0.02585697294347876,0.00032262248010006376
5997.368381630775,0.024391324757656565,0.00031231640729758355
6017.417560547961,0.023447487693034744,0.0003056756908753956
6037.533763791432,0.021543446376190246,0.00030213516583462574
6057.717215423248,0.023264930362749958,0.00030260754100478696
6077.968140254503,0.02233200916204727,0.0003002557434695198
6098.286763847838,0.024113877009101007,0.0002961939004931575
6118.673312519953,0.024410010027546343,0.00029661515487288087
6139.128013344114,0.02547117999537235,0.0002999753015099063
6159.651094152697,0.026628832291027534,0.0003040184030443079
6180.242783539723,0.028325494309784288,0.00031922666533819164
6200.903310863401,0.030569870662224365,0.00032505803302902974
6221.632906248681,0.029239534558783708,0.00030603051998054755
6242.431800589825,0.025138783646988377,0.0002900333106176052
6263.300225552964,0.02404178661313347,0.0002814588331062935
6284.238413578695,0.022988142353201527,0.0002700105134593009
6305.246597884667,0.022853398481311793,0.0002666415942260061
6326.325012468166,0.025699484995420505,0.0002692520828212538
6347.4738921087355,0.025999548511774502,0.0002767873562518474
6368.693472370778,0.029519844879337717,0.00028491877152835943
6389.9839896061985,0.033393398131455435,0.0002911818658016329
6411.345680957023,0.037686625420718205,0.0003043658799310733
6432.7787843580345,0.04174963644427833,0.00031353397533949093
6454.283538539437,0.0443622022834844,0.0003167895748356603
6475.860183029508,0.047058617251279466,0.0003172347845406684
6497.508958157264,0.0483613271050621,0.0003162367903287749
6519.230105055148,0.04764154528917987,0.0003148316727549267
6541.023865661702,0.04695880996377669,0.00031282879612413354
6562.890482724266,0.04554477917642045,0.00030787939146299716
6584.830199801685,0.042118833844147226,0.0002961901088853932
6606.843261267024,0.038830167944919516,0.000282382121544109
6628.929912310285,0.03367754262341709,0.00026855009334125383
6651.0903989411345,0.029546145936253862,0.0002558327961908103
6673.324967991654,0.025681190786563307,0.00024061112982317587
6695.633867119077,0.022273023152478814,0.0002286791037602459
6718.017344808559,0.02069671054810877,0.00023007051220492618
6740.475650375945,0.0197356098289228,0.00023361084116232397
6763.009033970533,0.019400026958530735,0.0002394661708096797
6785.617746577873,0.018677267601842608,0.00022950263522483156
6808.302040022556,0.018679051863361232,0.00021948765976027442
6831.062166971027,0.018198481061848328,0.00021493311647111338
6853.898380934393,0.018303871480466305,0.00021134893750453037
6876.81093627124,0.017816248422898466,0.00020792716272895393
6899.8000881904845,0.018397902458989486,0.00020504995272137267
6922.866092754194,0.018886495621373976,0.00020508082104994056
6946.0092068804615,0.019469650314346436,0.00020687989690710507
6969.229688346255,0.018526768660328242,0.00020198749045729646
6992.52779579028,0.01771447986229633,0.00019844675247527338
7015.903788715879,0.016998305952233575,0.00019637096932133649
7039.357927493908,0.016826762073267942,0.0001940773232033794
7062.890473365647,0.016535775019535515,0.0001949200932390807
7086.501688445705,0.017384215912426455,0.0001971809769867054
7110.191835724931,0.018093389163512986,0.00021779126170586193
7133.961179073358,0.020173795200327627,0.00023119234331483218
7157.809983243131,0.02100910384400578,0.0002324225283384718
7181.738513871466,0.02297083018918808,0.000235152425483628
7205.747037483605,0.024540155803112793,0.00023887358076648478
7229.835821495773,0.02490651365586322,0.00023905260430693375
7254.005134218174,0.02597320448903583,0.00023380141413025852
7278.255244857964,0.0249229777729173,0.00022629900923363893
7302.586423522268,0.0245585465465084,0.0002207677311796095
7326.998941221176,0.024671384288020598,0.00021697405960071576
7351.493069870756,0.025990198169371554,0.00022364988724366347
7376.069082296098,0.02794434608732678,0.0002280578779716329
7400.727252234339,0.030489706466088028,0.0002373634681598859
7425.467854337722,0.03151529544469934,0.0002362667030492928
7450.291164176657,0.03019193156250826,0.000239394772339413
7475.197458242774,0.027520780527746466,0.0003141818071009599
7500.187013952019,0.026218738947953513,0.0003244515123517805
7525.260109647734,0.023625608440888006,0.0002642150057965207
7550.4170246037675,0.02310044564376984,0.00022158885744722959
7575.658039027581,0.02379223468950741,0.00023405178774727723
7600.9834340633615,0.02663498932954591,0.00024924926871631553
7626.393491795165,0.028975116799601346,0.0002527508856482945
7651.888495250046,0.030752867808593137,0.0002561239191227794
7677.468728401224,0.033184740047387355,0.00026509309424150695
7703.134476171246,0.033780638730907794,0.0002671168402438372
7728.886024435141,0.0349412839759148,0.0002755193432256522
7754.723660023623,0.03375284097490608,0.0002668606741089553
7780.6476707262755,0.03245864658364289,0.00026966451596056835
7806.658345294771,0.031235457150605172,0.0002592040050211727
7832.755973446074,0.029004016040212,0.0002483915714203825
7858.940845865665,0.026883235706457516,0.000246189212132802
7885.213254210794,0.022463746505669412,0.00023486723437593184
7911.573491113709,0.021300322061994933,0.00022223311942920704
7938.021850184939,0.019450360814089317,0.0002086626988985729
7964.558626016547,0.018521131968684438,0.0002000368876575397
7991.184114185413,0.018249923961076123,0.00020073596255530769
8017.898611256533,0.018422329888530174,0.00020231963777377112
8044.702414786312,0.018252627363836003,0.0002002031085336513
8071.595823325894,0.01783686650845165,0.00019828285196354687
8098.57913642448,0.017272501360776384,0.0001962529168146166
8125.652654632648,0.015565846125152605,0.00019457458072181388
8152.81667950573,0.010071504090110652,0.0002172950245242014
8180.07151360715,0.006003419643031377,0.00018224688845412364
8207.417460511802,0.003816954899009012,0.00019975281081514328
8234.854824809423,0.004741108001782332,0.0001875858389135615
8262.383912108004,0.006437172621929724,0.00020304698902297834
8290.005029037178,0.006595612413527104,0.0002054623354993803
8317.718483251632,0.006472747698461949,0.00019537822680579787
8345.524583434553,0.007803091886279085,0.00018371211536488439
8373.42363930105,0.008838240872670166,0.00017765437667744327
8401.415961601604,0.01059782227305386,0.00017674086379065775
8429.501862125539,0.01711173415226798,0.0001959315260958549
8457.681653704487,0.023689925950420288,0.00022087430889880278
8485.955650215876,0.027720549326399835,0.0002668455954273216
8514.324166586423,0.0288174398108859,0.00028395193454509914
8542.787518795645,0.028127380062327654,0.0002607005330010752
8571.346023945849,0.02815426725321015,0.0002325485162317193
8600.000000000004,0.027525369320468493,0.0002457439940669573
