wave,flux,sigma
3300.0000000000005,0.002891101995052272,0.009661191653404793
3311.0318870238752,-0.0035139690304894855,0.009459362325806827
3322.1006535769357,-0.011019081296699183,0.009019873622489535
3333.2064229988164,-0.006944915193339685,0.008955710525433808
3344.349318964206,0.02248978592028906,0.008820114917658828
3355.52946558699,-0.00771554482098197,0.00869463229941309
3366.7469873959726,0.0030457370182955584,0.008560283845088779
3378.0020093362546,0.027193942134572713,0.008299329532559355
3389.2946567706267,-0.013471218798906266,0.008405545467620344
3400.6250554809667,0.0037646398257044295,0.00827220888025876
3411.9933316696415,0.007868364256099757,0.008077596112002153
3423.3996119609133,-0.005642737165260786,0.0080104809353927
3434.844023402349,-0.0011591453895465058,0.007732214377019998
3446.3266934662315,-0.009753698265788702,0.007461891943939553
3457.847750050986,-0.00996310781972102,0.007433580015819189
3469.4073214825994,0.01341008920837812,0.00748200224259195
3481.0055365160556,0.005435014751577601,0.0074026350407531746
3492.6425243367635,0.00743591907310682,0.007185496630329089
3504.318414561997,0.014614906595887088,0.007055115277429662
3516.033337242342,0.021061319227469805,0.007081206686888598
3527.7874228631417,0.032912020905311326,0.0069997037777633775
3539.5808023459526,0.011948092261919185,0.0068612183561253684
3551.4136070500026,0.022467777531732964,0.006689493887429722
3563.28596877365,0.011713018124341508,0.006646116744285308
3575.198019755855,0.023853595708687052,0.006541590006952495
3587.149892677652,0.022056858868734992,0.006463659681548147
3599.1417206636297,0.03294139251468679,0.006375463436527062
3611.173637283412,0.01821426633806373,0.006330917104740286
3623.2457765531435,0.026016964831775187,0.006282709847385953
3635.3582729369846,0.01776371446175232,0.006143102360873111
3647.511261348607,0.009777802598271539,0.005974358481162616
3659.7048771527016,0.01455952282160583,0.005708619066983656
3671.9392561664827,0.015388480132711482,0.005529331673131575
3684.2145346612006,0.024464606142732326,0.0053204361841644775
3696.5308493636576,0.031192778044659454,0.005290155760867112
3708.8883374577335,0.021259872807056535,0.00527566820167999
3721.2871365859164,0.01433658011534537,0.005267459556916467
3733.7273848508326,0.022443796629216594,0.005210258707454312
3746.2092208167815,0.0106361017503543,0.005167989492496455
3758.7327835112833,0.0003950901443105485,0.005230142125527456
3771.298212426627,0.005610399928533308,0.005001424069437672
3783.9056475214256,0.005920019280169759,0.0047772236367555655
3796.555229222173,0.006761212346706392,0.004754602714345871
3809.247098424805,0.011629139380548242,0.004732413299757239
3821.981396496276,0.006987202691317713,0.004781758683642025
3834.758265276125,0.02420400301543537,0.005060070185527228
3847.577847078064,0.022354515160003474,0.005248416429026613
3860.4402846915605,0.03288073500505631,0.005344721069825642
3873.3457213834213,0.032133102541814555,0.005447729789703914
3886.294300899397,0.03644159576075089,0.005323262712321712
3899.2861674657775,0.05263453624980088,0.005112326019927279
3912.3214657910025,0.05026040463750536,0.004901760147401499
3925.4003410672735,0.05108732938992215,0.004817117084844843
3938.5229389721653,0.05421336273938413,0.004871657810506698
3951.689405670252,0.06684265583125937,0.0049869650431081216
3964.8998878147377,0.06445821121975406,0.005097436586637686
3978.154532549086,0.05666824093611597,0.005069865606280633
3991.453487508664,0.045090849183971646,0.00482748487956694
4004.796900822377,0.05238446900035916,0.004664964035902633
4018.18492111433,0.04909442947935545,0.004580006368214475
4031.617697505474,0.04706382578622153,0.004370007407987297
4045.0953796152735,0.03693537371764459,0.004306993819624255
4058.618117563371,0.03444398893628491,0.004310546015111712
4072.1860619712556,0.032277476856868034,0.00428092022083111
4085.799363963945,0.03148223724187312,0.0041730043333216196
4099.458175171663,0.028261605764372432,0.004034049824209687
4113.162647731542,0.033903904265633944,0.003974154844263309
4126.912934289301,0.033870175792042975,0.003940978013749923
4140.709188000954,0.04206466056901419,0.0038975625791104313
4154.551562534517,0.0257742816275453,0.003915504383438721
4168.440212071713,0.03967165054739488,0.003999666804809901
4182.3752913097,0.03725943656841042,0.004042636412525505
4196.356955462785,0.039533168522264045,0.004037333965137779
4210.385360264156,0.032691192618521436,0.0039763688343450255
4224.460661967617,0.03517818937655842,0.003919199066959432
4238.583017349324,0.04335306172389482,0.003938739360106517
4252.752583709542,0.04270653535732308,0.003919305778675971
4266.969518874386,0.03994763837968754,0.003849183644737215
4281.233981197582,0.034878260796177625,0.0037933865365682366
4295.5461295622345,0.0487224302115222,0.003788929273289476
4309.906123382591,0.04959165454436432,0.003840163169190967
4324.314122605823,0.04051120216722903,0.0038412407068926266
4338.770287713807,0.04159603443816389,0.00377759442077215
4353.274779724901,0.031753281335665635,0.003650439836104528
4367.827760195754,0.028033911963051425,0.0035975129379086338
4382.429391223097,0.023932618467640266,0.0036099369644037958
4397.079835445547,0.02429120887415872,0.003539635926566374
4411.779256045427,0.02761692813946796,0.0035329530494172087
4426.527816750571,0.03258690757924953,0.0035221652678080204
4441.32568183616,0.023598405319015026,0.0034676467723368026
4456.17301612654,0.023559491697073043,0.0034607504391547376
4471.06998499707,0.032942264742064145,0.003422396311595722
4486.01675437596,0.03274297558344326,0.003405059512441192
4501.013490746111,0.030801133742801804,0.0034014499853534594
4516.060361146975,0.0400007735914112,0.003394106680285924
4531.157533176423,0.041738331977434005,0.0034047465675557526
4546.3051749926035,0.04531490025691387,0.003429014974582538
4561.503455315809,0.0577254025985222,0.0034929970434605657
4576.752543430374,0.0611064713630885,0.003512872302903503
4592.052609186547,0.07916018378905283,0.003540168291262211
4607.403823002376,0.07935664919031966,0.003557874423502351
4622.8063558656295,0.06773871304500953,0.0035150108450304252
4638.260379335682,0.07716812886841753,0.003489069346590287
4653.766065545426,0.06428195818757446,0.003471136353801688
4669.323587203196,0.0517458815430642,0.0033529747715884666
4684.933117594696,0.04433852116646445,0.0032310764540426215
4700.594830584916,0.03898465277723064,0.0032061092609802504
4716.308900620076,0.02675506363081761,0.0031818068110525
4732.075502729573,0.029813104840531506,0.0031766489098747843
4747.894812527928,0.028623614012950025,0.003248447899834727
4763.767006216733,0.03691432256067449,0.0033484394806869047
4779.692260586626,0.03396069603623102,0.0034463858004813996
4795.67075301926,0.03264527985483558,0.0036013011080912446
4811.702661489265,0.037810181848055534,0.0038385875503329993
4827.7881645662455,0.03775040379438582,0.004076732862582303
4843.927441416762,0.026613958776254318,0.0043406411022986
4860.120671806329,0.03614087638169474,0.004729184482862508
4876.368036101411,0.0522445947136042,0.005129483655851929
4892.669715271444,0.06121209071429472,0.005315037692215365
4909.025890890844,0.05867311304061139,0.00460079016919277
4925.436745141022,0.06463607754376119,0.0045798117957345135
4941.902460812428,0.0730947055524554,0.004490850742171871
4958.423221306581,0.07549657734155323,0.007065989554969726
4974.999210638101,0.04316334386485472,0.006640963818151402
4991.630613436779,0.03660217735107619,0.005608191746437054
5008.317614949616,0.042610855943800076,0.004667468602591259
5025.060401042893,0.0457174765397797,0.004051553877471422
5041.8591582042445,0.03171180958213941,0.0038084025025329573
5058.71407354473,0.03672152899597616,0.003651807246641873
5075.625334800925,0.02690500595360229,0.003550718014073718
5092.593130337,0.02643398912739517,0.0033658264230919956
5109.61764914683,0.02099335244321444,0.0031735265084173944
5126.699080856102,0.027858731355737267,0.003025048161976981
5143.837615724411,0.033119573320230244,0.002864435143847853
5161.033444647393,0.027941443924254933,0.0027336917330914585
5178.286759158847,0.04053246828889982,0.0026655290924036336
5195.59775143287,0.04690124589838313,0.002565238625829924
5212.966614285993,0.04953869533138951,0.0025321728772490153
5230.393541179339,0.048921354873465245,0.002477225177931092
5247.878726220767,0.05562479208399518,0.002386519610550427
5265.4223641670305,0.06499135510868982,0.002374373898720807
5283.024650425963,0.06945794806186208,0.0023646819323961186
5300.685781058646,0.06712812505011743,0.0023280972803488495
5318.405952781588,0.06525840898801309,0.002272450545380868
5336.185362968923,0.06666339553994018,0.002202975628715311
5354.024209654601,0.05788262256582189,0.0025919976098880415
5371.922691534604,0.06403912621988803,0.0025583454336705297
5389.88100796915,0.0695819033741133,0.0021219364441764626
5407.899358984922,0.0813557753150293,0.002053012476806162
5425.977945277293,0.08055428265795364,0.002057172912354659
5444.116968212549,0.09944853432247733,0.0020755624732564934
5462.316629830153,0.10605824380500181,0.002099288017288798
5480.577132844979,0.11352951734526333,0.002121540107628771
5498.89868064958,0.1252940441002874,0.002122209247690574
5517.28147731645,0.13007153050294418,0.0020809264877611456
5535.725727600293,0.13213147405977665,0.0020362396064477753
5554.23163694031,0.13159999087181135,0.002008545648698188
5572.79941146248,0.1260082935128158,0.00196747131341608
5591.429257981867,0.11963257099646232,0.001895567518238082
5610.121384004915,0.11094253846071953,0.0018364840117580405
5628.875997731756,0.1004575689548121,0.0017854466743318304
5647.69330805854,0.0910400126442877,0.0017444941171833432
5666.573524579752,0.07747779245592126,0.0017074307091072163
5685.516857590555,0.07060051587658012,0.0016259555667100059
5704.523518089128,0.07058367304081009,0.0015576175416979839
5723.593717779009,0.06941639321561356,0.00152514055024282
5742.727669071467,0.06877246813898742,0.0014994383701493566
5761.925585087854,0.07269346005270351,0.0015154611810282224
5781.187679661996,0.08265810469937984,0.0015134772939688504
5800.5141673425605,0.0873754305492297,0.001509179345610407
5819.905263395445,0.0914876676164263,0.0015215828766862059
5839.361183806187,0.09162111270537371,0.001497156231262823
5858.882145282354,0.09036254787895873,0.0014668808120206864
5878.468365255977,0.08916127566823984,0.001443572060177033
5898.12006188596,0.0846314796074169,0.0014162475438900212
5917.837454060502,0.07681779173660726,0.0013828883968885592
5937.620761399551,0.07502683901931796,0.0013369377586116
5957.470204257241,0.06775490378759536,0.0012875345239274979
5977.386003724353,0.057894953687130206,0.0012463264527016338
5997.368381630775,0.05455038111076856,0.0012265006734768682
6017.417560547961,0.051027733810345345,0.0012037457580670217
6037.533763791432,0.05446271684575539,0.0011983512539768596
6057.717215423248,0.05379170658201646,0.0012186987455034208
6077.968140254503,0.05035191688615015,0.0011807049465440771
6098.286763847838,0.05101052680021035,0.0011223162654321244
6118.673312519953,0.04630290578879888,0.0010937231739990279
6139.128013344114,0.045539925016225224,0.0010557175518651086
6159.651094152697,0.04050932887240279,0.0010282728909055449
6180.242783539723,0.0418565563320855,0.0010212389695373296
6200.903310863401,0.047696564126000235,0.0010344514068795687
6221.632906248681,0.05161424490765809,0.0010625510423507675
6242.431800589825,0.050939845453634405,0.0010576430212725445
6263.300225552964,0.04998038968391151,0.0010422879634376656
6284.238413578695,0.05278784435433517,0.0010344162326719915
6305.246597884667,0.05237995100098143,0.001034025084012606
6326.325012468166,0.053727970894363805,0.0010192759046197312
6347.4738921087355,0.05498988576447808,0.0010186219060311765
6368.693472370778,0.06344721637372999,0.001030449749286413
6389.9839896061985,0.0718774231193581,0.0010383711028035417
6411.345680957023,0.08247741001314508,0.0010738529985062969
6432.7787843580345,0.08865163691274984,0.0010929679871133917
6454.283538539437,0.09552638047204415,0.0010894172856077485
6475.860183029508,0.09733574194234393,0.001093487151484494
6497.508958157264,0.10298530085340021,0.0011005953183240798
6519.230105055148,0.10066748302670968,0.0011053974203766171
6541.023865661702,0.10096050522953962,0.0011163202526440416
6562.890482724266,0.10590970752822963,0.0011418747502448764
6584.830199801685,0.0967143971485887,0.001132886516637716
6606.843261267024,0.09005544567147952,0.0011295252833325026
6628.929912310285,0.08191457154474902,0.0010859717802003067
6651.0903989411345,0.07150634445331347,0.0010228734134851885
6673.324967991654,0.06272256784506308,0.000962741630498974
6695.633867119077,0.05455792123480101,0.0009146932293586505
6718.017344808559,0.05043468764370135,0.0008730599092886968
6740.475650375945,0.049209174639420095,0.0008440021719287676
6763.009033970533,0.04985713503699948,0.0008389102088952307
6785.617746577873,0.04726436694193497,0.0008389156339766695
6808.302040022556,0.04926141820073354,0.0008270719176660747
6831.062166971027,0.047046734560191004,0.0008180545789892146
6853.898380934393,0.04914172845287447,0.0008134909154090781
6876.81093627124,0.04765532556384751,0.0008085913214020176
6899.8000881904845,0.041435446695862466,0.0007938958493614172
6922.866092754194,0.04145414676289103,0.0007849860290564441
6946.0092068804615,0.044614462235239224,0.0008408348053170664
6969.229688346255,0.04387026758812013,0.0008980655254597648
6992.52779579028,0.04379118800427674,0.0009043924421047915
7015.903788715879,0.04319643874677655,0.0008884804700567085
7039.357927493908,0.038621567069854854,0.0008574480117632126
7062.890473365647,0.03855394443066029,0.0008530560606491554
7086.501688445705,0.0378264057865742,0.0008223333550079584
7110.191835724931,0.033657649063623424,0.0007858958544030509
7133.961179073358,0.03481384913090019,0.0007700684484744186
7157.809983243131,0.04230192810173872,0.0007689155046716681
7181.738513871466,0.04447480685864408,0.0007952732987206545
7205.747037483605,0.04756757708786522,0.0008004726988949855
7229.835821495773,0.0481887009863278,0.0008181224705062462
7254.005134218174,0.05017129421624206,0.0008194962501849285
7278.255244857964,0.05381090695646345,0.0008327478676403012
7302.586423522268,0.048892701314049374,0.0010580589005692908
7326.998941221176,0.05016786752426835,0.0011362866830413785
7351.493069870756,0.04959252006607555,0.0009524911427635996
7376.069082296098,0.05371043760665896,0.0008448789606904844
7400.727252234339,0.05693462456420689,0.0008746721324061234
7425.467854337722,0.06153695743495338,0.0009325899750662341
7450.291164176657,0.06042992021733567,0.0009312499670024931
7475.197458242774,0.06039538240567916,0.000921611698660334
7500.187013952019,0.05408796218049862,0.000909735263635172
7525.260109647734,0.04997671321269363,0.0008894351846544167
7550.4170246037675,0.045194655703604335,0.0009102129786637131
7575.658039027581,0.044965087304188606,0.0009157921861921648
7600.9834340633615,0.053361994444617346,0.0009384116003953088
7626.393491795165,0.05391483447604223,0.0009368692436422557
7651.888495250046,0.06091445680402359,0.0009146580194978835
7677.468728401224,0.06369001598096938,0.0009706699895335685
7703.134476171246,0.0674706021057394,0.0009575320377958028
7728.886024435141,0.06765887889984501,0.0009137251553551827
7754.723660023623,0.06992325393106893,0.0008816152197439253
7780.6476707262755,0.06592491111976409,0.00085105220614286
7806.658345294771,0.060608095517662615,0.0008282400781854092
7832.755973446074,0.05409094642299079,0.000805137665172339
7858.940845865665,0.048572719566784196,0.0007817301071911983
7885.213254210794,0.046077410496772456,0.0007630153845594424
7911.573491113709,0.03984127489651286,0.0007491088135781105
7938.021850184939,0.036926407232740266,0.000733956217061682
7964.558626016547,0.036235761660824706,0.0008846727328061099
7991.184114185413,0.03313199361752818,0.0008473745044890453
8017.898611256533,0.03417630052226937,0.0008907170603997263
8044.702414786312,0.03125237507874541,0.000888015691250204
8071.595823325894,0.03150206870668971,0.0008494269507768754
8098.57913642448,0.02818019914431747,0.0008883096314749708
8125.652654632648,0.02038199162584638,0.0008353323872705052
8152.81667950573,0.013838074538514081,0.000722205438956923
8180.07151360715,0.007113465460441565,0.0006485735496676851
8207.417460511802,0.006507816011940143,0.0005683827687530014
8234.854824809423,0.0050991919514140425,0.0005574942500923585
8262.383912108004,0.00666447094889514,0.0005629640257623676
8290.005029037178,0.007537630995849888,0.0007185075834411175
8317.718483251632,0.009023843095837529,0.0008171704408696601
8345.524583434553,0.01082456275977479,0.0007415982087260498
8373.42363930105,0.01265090685293481,0.0006103011670412283
8401.415961601604,0.015153511409697245,0.0006387287424242837
8429.501862125539,0.02104342320151003,0.0009378479967602675
8457.681653704487,0.02435372059250254,0.0008378812332223421
8485.955650215876,0.037052185790102055,0.0010126734652952543
8514.324166586423,0.04697742943494808,0.0009720312484290172
8542.787518795645,0.0528029166974963,0.0010294716393432733
8571.346023945849,0.054296256934815365,0.0010559372379969993
8600.000000000004,0.05697576126184521,0.0010479469066000736
