wave,flux,sigma
3300.0000000000005,0.5427324247754504,0.029412887817163908
3311.0318870238752,0.5432579092545744,0.028987145896541555
3322.1006535769357,0.5799725814940132,0.02877428718127884
3333.2064229988164,0.633713586785852,0.028799619651903245
3344.349318964206,0.64310163763084,0.02822087380101072
3355.52946558699,0.5820875727219894,0.027794230510246567
3366.7469873959726,0.5646476129059239,0.027288380803394834
3378.0020093362546,0.607430278837984,0.026467938051234596
3389.2946567706267,0.6230995925209348,0.026989735017510993
3400.6250554809667,0.7182210345502276,0.026553183969075966
3411.9933316696415,0.7224433486526879,0.02579367581023598
3423.3996119609133,0.7072558598436083,0.025914224026273584
3434.844023402349,0.8316286096152422,0.02587070585747187
3446.3266934662315,0.8497357190781907,0.02516808751051523
3457.847750050986,0.8190298343816356,0.02522312722367035
3469.4073214825994,0.823281228349126,0.025543905719327832
3481.0055365160556,0.8161253735638996,0.025376625594571448
3492.6425243367635,0.8039110428079431,0.02436354613955338
3504.318414561997,0.7592848129867881,0.023581953213316596
3516.033337242342,0.7595508574179144,0.023322599274901507
3527.7874228631417,0.8317831549986567,0.023349642676176795
3539.5808023459526,0.8734631182621675,0.023364705571111737
3551.4136070500026,0.8602412894019763,0.023506608075869188
3563.28596877365,0.8664181976649065,0.02322897500696278
3575.198019755855,0.8630780418527095,0.02288348058587609
3587.149892677652,0.830525930277809,0.022505624999279
3599.1417206636297,0.8106907454004018,0.022317947518595616
3611.173637283412,0.7976349524270654,0.02232673685971991
3623.2457765531435,0.8476372105071285,0.022730318013750073
3635.3582729369846,0.7996334454482794,0.021887976729523008
3647.511261348607,0.613933214841077,0.020095867711371788
3659.7048771527016,0.5439633804691822,0.018790867780321047
3671.9392561664827,0.5185581172085456,0.01812475795976944
3684.2145346612006,0.44383505229320797,0.017747970723848008
3696.5308493636576,0.4301105604447348,0.017459155777623227
3708.8883374577335,0.3910470243390646,0.01791753275584381
3721.2871365859164,0.4042655507767573,0.02050363277101061
3733.7273848508326,0.5591983718587187,0.020672167057187142
3746.2092208167815,0.5124199088873406,0.018608581321714113
3758.7327835112833,0.4982303312680736,0.017586263059177046
3771.298212426627,0.5062862860068993,0.017341170804340483
3783.9056475214256,0.5044565947540449,0.016843155631852444
3796.555229222173,0.4780712986855179,0.016725310342006458
3809.247098424805,0.47575214305899893,0.017100605187814887
3821.981396496276,0.5216535339993907,0.017577002001264285
3834.758265276125,0.5869292703587655,0.018104669253484765
3847.577847078064,0.6480936330539266,0.01798422398093806
3860.4402846915605,0.6754483996382015,0.017784792640241315
3873.3457213834213,0.7117128813161455,0.017893033523888244
3886.294300899397,0.802536512841876,0.017832124785577202
3899.2861674657775,0.8156149624384141,0.017953208531566733
3912.3214657910025,0.8997597070688558,0.018103537696887217
3925.4003410672735,0.9263080521261337,0.01802279027843542
3938.5229389721653,0.9254662805552673,0.01805072421293832
3951.689405670252,0.905159924795159,0.017802760713776258
3964.8998878147377,0.8358564031647661,0.017337193144174753
3978.154532549086,0.7885761551934631,0.01697624361732167
3991.453487508664,0.741122379679815,0.01654446686743127
4004.796900822377,0.7991643864922947,0.016717334692968697
4018.18492111433,0.7784473034999477,0.016987340178604732
4031.617697505474,0.8316204240946856,0.016827048148854624
4045.0953796152735,0.8403434074049372,0.016843864022116056
4058.618117563371,0.8367460458430986,0.017124546621807808
4072.1860619712556,0.8853774900116393,0.017236128887979957
4085.799363963945,0.9248323504854394,0.016986111982448586
4099.458175171663,0.8117549019098134,0.016559449193419423
4113.162647731542,0.7730027270536852,0.016128444767250297
4126.912934289301,0.7346985480910121,0.015955489809016184
4140.709188000954,0.7007600632646953,0.01579303677381501
4154.551562534517,0.671431947054693,0.015751272599670678
4168.440212071713,0.6712654044904338,0.0156505817951385
4182.3752913097,0.6145591228096866,0.015386394297759507
4196.356955462785,0.6076178084419837,0.015133865680261102
4210.385360264156,0.5475446413758775,0.014932730297639491
4224.460661967617,0.5088508947230888,0.01457479362002511
4238.583017349324,0.5018617963968126,0.01415736338721002
4252.752583709542,0.46297609079943286,0.013792642760685753
4266.969518874386,0.4767606652742904,0.013417211247926119
4281.233981197582,0.41499364752886836,0.013263666022915338
4295.5461295622345,0.4613045062246037,0.013236907705886494
4309.906123382591,0.46729444907707707,0.013420318816551039
4324.314122605823,0.47505131854365995,0.013622962066606611
4338.770287713807,0.5203038148791059,0.013821462347835796
4353.274779724901,0.5489874510852204,0.013922673710547584
4367.827760195754,0.5678194550124958,0.013804990227046952
4382.429391223097,0.5177560352579249,0.013622376785809198
4397.079835445547,0.45617259173656177,0.013181323477658605
4411.779256045427,0.4392429441317551,0.013018368650144843
4426.527816750571,0.4554567059692209,0.013080193787004094
4441.32568183616,0.46482994443105086,0.013165302590212062
4456.17301612654,0.5421422233296077,0.013522908387688026
4471.06998499707,0.5767020742810298,0.013747838411471884
4486.01675437596,0.5904649311770862,0.013851765815811264
4501.013490746111,0.5873638828495107,0.013791011440051496
4516.060361146975,0.5732108215904805,0.013697717491725972
4531.157533176423,0.5751416571810148,0.013646200976970457
4546.3051749926035,0.5343572910505636,0.013585827401717446
4561.503455315809,0.5598962219013456,0.013760980614755891
4576.752543430374,0.5582916554504793,0.013788995595346605
4592.052609186547,0.5812095716289012,0.014109464163332266
4607.403823002376,0.5753323562039185,0.014456451172126095
4622.8063558656295,0.503599446089353,0.014526016189916873
4638.260379335682,0.46715136721997613,0.015068188095438877
4653.766065545426,0.4396188272213577,0.016033686155140538
4669.323587203196,0.41422663930625025,0.017176593149997157
4684.933117594696,0.46986276635151214,0.018347602943325686
4700.594830584916,0.445813627082261,0.019020872354538955
4716.308900620076,0.4230006752649685,0.019260375315882563
4732.075502729573,0.39503318467283804,0.018632044642125645
4747.894812527928,0.42940839315399143,0.01666732421945942
4763.767006216733,0.4474027775809796,0.016598333332520653
4779.692260586626,0.4520568597097069,0.020806879048767535
4795.67075301926,0.4782653772437319,0.027821990170871273
4811.702661489265,0.42426999827889644,0.023333551364005906
4827.7881645662455,0.41244930164868704,0.019163195082564793
4843.927441416762,0.3749880969515835,0.016926280781386943
4860.120671806329,0.36725353330928956,0.0161566735943996
4876.368036101411,0.3049779899056213,0.015701281566058586
4892.669715271444,0.33077862447628803,0.014591518729410828
4909.025890890844,0.33668020535970633,0.01422872961426429
4925.436745141022,0.33039706104255245,0.01370582459557394
4941.902460812428,0.3000438813120275,0.012995038921927863
4958.423221306581,0.328310887498101,0.01229313349772268
4974.999210638101,0.31012247110191293,0.011799208147480048
4991.630613436779,0.3190530181382786,0.011792873636389523
5008.317614949616,0.4019342693502398,0.011659184297201692
5025.060401042893,0.35940139501887847,0.011221163260114506
5041.8591582042445,0.363461458492195,0.01038338089653955
5058.71407354473,0.39193010320373645,0.010087489584867632
5075.625334800925,0.40623839358943914,0.009946958824641455
5092.593130337,0.4064277062420424,0.00973097979260765
5109.61764914683,0.41134075949522214,0.009533023864317315
5126.699080856102,0.4024535702093532,0.00934174519136843
5143.837615724411,0.3941707175021715,0.00918989153442469
5161.033444647393,0.42824332944490423,0.010254245637443857
5178.286759158847,0.42950540289984307,0.011685949268336852
5195.59775143287,0.4017920097074664,0.011129746305058036
5212.966614285993,0.3737150959383828,0.008504673849390172
5230.393541179339,0.3325251771916531,0.008120799722506044
5247.878726220767,0.29287233825915515,0.007655576956866817
5265.4223641670305,0.2883971359703744,0.007452774077751696
5283.024650425963,0.2857120702666226,0.0074561193173427204
5300.685781058646,0.3028345496091554,0.007389898251802614
5318.405952781588,0.296589329280372,0.007202776868037808
5336.185362968923,0.3132536687134947,0.007033176481910196
5354.024209654601,0.3113034561751466,0.006892436162966724
5371.922691534604,0.29548292446441193,0.00677053934478739
5389.88100796915,0.30640545845961237,0.006648053483521518
5407.899358984922,0.28965719304889437,0.006502966390280983
5425.977945277293,0.26395420153113913,0.006366194620354145
5444.116968212549,0.2636425339659688,0.006306532980601536
5462.316629830153,0.2708103804604099,0.00653534035094029
5480.577132844979,0.2699202560353854,0.006573231240461713
5498.89868064958,0.2899269170837975,0.0063760948761772745
5517.28147731645,0.3059101569310309,0.006271080922449059
5535.725727600293,0.2866572387903262,0.006104035885180414
5554.23163694031,0.29823799265208195,0.0060247020564335625
5572.79941146248,0.28754390569023586,0.005968522582664907
5591.429257981867,0.2909337486259502,0.00585885929703547
5610.121384004915,0.3154989310528428,0.0058080852489199655
5628.875997731756,0.287362075721437,0.005753599985219026
5647.69330805854,0.2961372569589342,0.005643591536632885
5666.573524579752,0.31405269160232663,0.005610488685228574
5685.516857590555,0.29568469867551145,0.005562277857093639
5704.523518089128,0.3191988051448509,0.005505746335826055
5723.593717779009,0.27179247813388047,0.005385865611317935
5742.727669071467,0.2782803208707797,0.00524680841715566
5761.925585087854,0.2719925110655489,0.005236177289870451
5781.187679661996,0.27554911546250005,0.005232975333641067
5800.5141673425605,0.28784282110941706,0.005225778711693097
5819.905263395445,0.27784355836296337,0.0051813953336990294
5839.361183806187,0.2799373306866709,0.0053073107784010806
5858.882145282354,0.2627889346547746,0.005288300092289146
5878.468365255977,0.28624242754138346,0.005009695826819053
5898.12006188596,0.270810753405943,0.00499684653167253
5917.837454060502,0.2748127180784904,0.004948346070043188
5937.620761399551,0.2641715752874291,0.004734230880170219
5957.470204257241,0.2738514675171734,0.00465677561097212
5977.386003724353,0.2603444033218537,0.0045929458594511875
5997.368381630775,0.25025848337112067,0.004535059248257213
6017.417560547961,0.24323303287631348,0.004482337204370512
6037.533763791432,0.22633616669956064,0.004391446698530594
6057.717215423248,0.20745658565708366,0.004288694601555451
6077.968140254503,0.17904075107421413,0.004189432391402855
6098.286763847838,0.15575680255269167,0.004044641821356132
6118.673312519953,0.13692312344448795,0.0038418180063992616
6139.128013344114,0.13922990332615995,0.003731824150020227
6159.651094152697,0.16145096018656313,0.0037999801761870134
6180.242783539723,0.18197819027047268,0.003859469926011177
6200.903310863401,0.19227480554579424,0.0038561202909477652
6221.632906248681,0.20749015888011096,0.003921720750917769
6242.431800589825,0.2214626952284416,0.0039401678025430854
6263.300225552964,0.22831237620007244,0.003929489966596828
6284.238413578695,0.23654575831229058,0.003936197962103895
6305.246597884667,0.24189971762600182,0.003926852916477409
6326.325012468166,0.23368034141869334,0.003920216519648435
6347.4738921087355,0.22454986097101964,0.003953324892200419
6368.693472370778,0.23215742533695527,0.004065619880846187
6389.9839896061985,0.22603957970687993,0.004118813408578013
6411.345680957023,0.2255694454174233,0.004016408941431512
6432.7787843580345,0.22020809366554966,0.0038765047447651847
6454.283538539437,0.20470748003896713,0.003739534317433132
6475.860183029508,0.20450863725380725,0.003686158265610459
6497.508958157264,0.1935664198932969,0.0036394228257490757
6519.230105055148,0.2024977181767574,0.003616590554771898
6541.023865661702,0.1804562660222441,0.004024127584431003
6562.890482724266,0.22803004060693793,0.004965188491703393
6584.830199801685,0.18739176127009136,0.004472683147233072
6606.843261267024,0.18622782051642645,0.0036551777539424253
6628.929912310285,0.17600538706176883,0.0034495673813722417
6651.0903989411345,0.1707104392292431,0.0034381849874996198
6673.324967991654,0.17084784454121682,0.0034387281286366246
6695.633867119077,0.17023284336107686,0.00341186165836996
6718.017344808559,0.1689275750304292,0.003733160598861508
6740.475650375945,0.1708446417304204,0.003745974394779923
6763.009033970533,0.16238330946327523,0.0035916354317637915
6785.617746577873,0.15633349937660201,0.003504620316187796
6808.302040022556,0.15477010420122028,0.0034881266347387726
6831.062166971027,0.14204992867976124,0.0034614883946173535
6853.898380934393,0.14356528761408432,0.0033550477562152596
6876.81093627124,0.14665383588118663,0.0032909693061208252
6899.8000881904845,0.1393312282454664,0.003236412663001227
6922.866092754194,0.14362791992491533,0.0032249769723774703
6946.0092068804615,0.1460858430647921,0.0032416404095839176
6969.229688346255,0.13958653913388003,0.0031896308392948447
6992.52779579028,0.1383094101364627,0.003264741180164713
7015.903788715879,0.13438930481808412,0.0032105493901020254
7039.357927493908,0.14338662177003464,0.0034057407346880825
7062.890473365647,0.14222491679353655,0.004340501015220323
7086.501688445705,0.14380226556544118,0.004254330047352186
7110.191835724931,0.13593322967516436,0.0036228208776424254
7133.961179073358,0.14143267044623659,0.0032335930986171903
7157.809983243131,0.13368931216203622,0.0033464403596921116
7181.738513871466,0.13363078949877272,0.0034006280826962697
7205.747037483605,0.11872825979892289,0.0033058161513979693
7229.835821495773,0.11865007838403548,0.003268093991254419
7254.005134218174,0.13290800374699294,0.0033948450346704667
7278.255244857964,0.12512559054356226,0.003447519735381599
7302.586423522268,0.12244661369024004,0.003501540105619787
7326.998941221176,0.11521009579007499,0.0033809195286841525
7351.493069870756,0.13587226427270324,0.003488778972325523
7376.069082296098,0.12153203996038385,0.0033327311619991223
7400.727252234339,0.12086467263664374,0.0033557713201616884
7425.467854337722,0.10841014788511794,0.0033097396355179012
7450.291164176657,0.11788980770115039,0.0032687086773442535
7475.197458242774,0.1046726363383462,0.003149884493289328
7500.187013952019,0.10594180610295213,0.0030545100496863716
7525.260109647734,0.09324802254700768,0.003006212172526877
7550.4170246037675,0.09982215180853002,0.0029818523136794675
7575.658039027581,0.10146204572505363,0.002999560962066881
7600.9834340633615,0.10320535914660509,0.002997971588369977
7626.393491795165,0.1045277443180036,0.0029926834499871854
7651.888495250046,0.10151540196461875,0.002996730919651759
7677.468728401224,0.10858494701514387,0.0031704492961320756
7703.134476171246,0.09998906585613673,0.0034604354983936323
7728.886024435141,0.09923037228831272,0.003237517164329338
7754.723660023623,0.10610556139236865,0.0035329486603576086
7780.6476707262755,0.10682467749472432,0.003282721234443347
7806.658345294771,0.10672214610939548,0.003438712424078615
7832.755973446074,0.09763519010380647,0.003446496058870015
7858.940845865665,0.1002535035111421,0.0032771248847055364
7885.213254210794,0.08905967603900918,0.003158561697267717
7911.573491113709,0.08909701116122441,0.0030295629109250875
7938.021850184939,0.08912453730710436,0.002945065546944412
7964.558626016547,0.07597494745588385,0.0028473795104172668
7991.184114185413,0.07663948923125254,0.0031419032062485353
8017.898611256533,0.08384894897321987,0.003744215027869203
8044.702414786312,0.08850883679232825,0.003755571799853738
8071.595823325894,0.07737893852104252,0.003272264031483683
8098.57913642448,0.08618147105117614,0.0028931590759179266
8125.652654632648,0.10035733349045595,0.0032221289395315766
8152.81667950573,0.08818348919636701,0.003658282201695412
8180.07151360715,0.07650540062796217,0.0033105836911104004
8207.417460511802,0.08003013396109583,0.003635795039073499
8234.854824809423,0.08294677052996059,0.0033247019672002507
8262.383912108004,0.0835955487191423,0.0035456784383737037
8290.005029037178,0.08428421409404677,0.003574065384106072
8317.718483251632,0.07910754298107753,0.003393102823410026
8345.524583434553,0.08045491275473779,0.0032956387160323897
8373.42363930105,0.07309900917564843,0.0031641896680604754
8401.415961601604,0.07232890574760084,0.003128542056933842
8429.501862125539,0.08139427993042511,0.0030884891835229367
8457.681653704487,0.08282899502561825,0.003083873035152299
8485.955650215876,0.0852648777467154,0.0030248816193009704
8514.324166586423,0.08634065604926808,0.003127963945016053
8542.787518795645,0.07055635470276783,0.003077536596838438
8571.346023945849,0.08978075619480394,0.0032402738619218465
8600.000000000004,0.07658929874496653,0.0032381722541665477
