wave,flux,sigma
3300.0000000000005,0.19576243568226107,0.010917243252370576
3311.0318870238752,0.196996166491479,0.010843991374286153
3322.1006535769357,0.22323233275238663,0.010677021377150792
3333.2064229988164,0.22099542281856432,0.010681257784548391
3344.349318964206,0.23383202873222036,0.010435455612372727
3355.52946558699,0.2169395541256878,0.010639779115323171
3366.7469873959726,0.2343834502982246,0.010637295866336962
3378.0020093362546,0.26439934592485725,0.010484826844177633
3389.2946567706267,0.28398204321968035,0.01047689099291045
3400.6250554809667,0.28079364365788595,0.010341448286972144
3411.9933316696415,0.28058775219509036,0.0101387288886613
3423.3996119609133,0.2897557948765012,0.010358003441817159
3434.844023402349,0.2832129957415138,0.01039485836491352
3446.3266934662315,0.31058246793224353,0.010099827406554261
3457.847750050986,0.3301339916845951,0.010135060192812873
3469.4073214825994,0.37492011008982096,0.010450441317269231
3481.0055365160556,0.39371074062275063,0.01063957213123901
3492.6425243367635,0.4445488076992022,0.010573123155339929
3504.318414561997,0.4946578460011173,0.010584591428161583
3516.033337242342,0.5054356457056581,0.010523041276113209
3527.7874228631417,0.5192145347538916,0.010464868184574878
3539.5808023459526,0.5316510508080283,0.010525518880588187
3551.4136070500026,0.5365510799659792,0.010592584494006222
3563.28596877365,0.5447895664970785,0.010618062884108983
3575.198019755855,0.5463372945612788,0.010506154460123599
3587.149892677652,0.5093610944140979,0.010408824612400204
3599.1417206636297,0.5306927907924672,0.010286731097544516
3611.173637283412,0.530829154446678,0.010195988678333174
3623.2457765531435,0.516405372240832,0.009996751089222718
3635.3582729369846,0.5062696376440035,0.009633388234772368
3647.511261348607,0.43441170446847654,0.009125868167618791
3659.7048771527016,0.3920911824252131,0.008444783585357586
3671.9392561664827,0.33842008447643834,0.007846587948250541
3684.2145346612006,0.2737729172078168,0.007401138976891171
3696.5308493636576,0.24424293716663759,0.006999584556908565
3708.8883374577335,0.19522479682084115,0.006925036232691799
3721.2871365859164,0.17489077596368055,0.006794006545612977
3733.7273848508326,0.15826127169573517,0.006460299624385371
3746.2092208167815,0.16221001386834677,0.006273766268384793
3758.7327835112833,0.18508493132718506,0.0064013281582149485
3771.298212426627,0.20328612376519362,0.006596086335637607
3783.9056475214256,0.2267015787442908,0.006735469913719535
3796.555229222173,0.2698134201789887,0.006988455686672297
3809.247098424805,0.2913285777225793,0.0072665917678880676
3821.981396496276,0.34092327704184355,0.007602266747957984
3834.758265276125,0.4330734287738706,0.008291036134531837
3847.577847078064,0.4970427456901605,0.008715636263642452
3860.4402846915605,0.5727833446126364,0.008734743837611927
3873.3457213834213,0.6590606012416059,0.008898218959670882
3886.294300899397,0.7285929475783574,0.00905674071148543
3899.2861674657775,0.7401394418686549,0.00908190254204348
3912.3214657910025,0.729733920043695,0.009087192642275001
3925.4003410672735,0.7126019138640997,0.009111253975465979
3938.5229389721653,0.6841289245705114,0.009110926491972671
3951.689405670252,0.6567107622648154,0.008805413620780573
3964.8998878147377,0.6196805947853007,0.008395270177241078
3978.154532549086,0.5881592158847692,0.00812820940678137
3991.453487508664,0.5737821132045826,0.007850570185813302
4004.796900822377,0.5848245350563115,0.007959585674130723
4018.18492111433,0.6417869367606578,0.008095695572901625
4031.617697505474,0.6611018197254321,0.008104197713321458
4045.0953796152735,0.7142441413008022,0.008183419384963713
4058.618117563371,0.729536476315872,0.008353347519104368
4072.1860619712556,0.7143337873984964,0.008345409107050927
4085.799363963945,0.7217104671631543,0.008170616727961374
4099.458175171663,0.7114308824992553,0.008009249754940485
4113.162647731542,0.6852973169874003,0.007899500593839167
4126.912934289301,0.6625459917108736,0.007843874952622723
4140.709188000954,0.6539231810904937,0.007794598093553189
4154.551562534517,0.641832531094134,0.007803460324026579
4168.440212071713,0.6423001399928712,0.007842327377564736
4182.3752913097,0.6247267035690967,0.007759091413430805
4196.356955462785,0.5782389764978795,0.007577645049374324
4210.385360264156,0.5528389169861312,0.00734751268018793
4224.460661967617,0.5060913359636765,0.00708206043046505
4238.583017349324,0.4773204274283004,0.0068182311276226435
4252.752583709542,0.44433261797391,0.006564560813499936
4266.969518874386,0.3964691052898681,0.006273831365645732
4281.233981197582,0.3620340722010115,0.006051660408034881
4295.5461295622345,0.3499946055053902,0.005941772748797003
4309.906123382591,0.3628106915131077,0.006019212657433477
4324.314122605823,0.37625579852911306,0.006151550610111044
4338.770287713807,0.3966427289506659,0.006145101437392468
4353.274779724901,0.3901952935862364,0.006078409628394001
4367.827760195754,0.42022643604933607,0.0061918724671716965
4382.429391223097,0.44705989461527174,0.006382608845708969
4397.079835445547,0.45912286861876317,0.006374393630174461
4411.779256045427,0.4653609167127214,0.006353205229812197
4426.527816750571,0.45076925896078057,0.006323340058346625
4441.32568183616,0.45502862147938283,0.006269237106983484
4456.17301612654,0.4701629853007064,0.006410283626681429
4471.06998499707,0.5117980440525457,0.006562273389909675
4486.01675437596,0.5558770273273577,0.0067260291510696495
4501.013490746111,0.5591181013006158,0.006766254971530078
4516.060361146975,0.567111498023885,0.006678408919693692
4531.157533176423,0.5401662370365916,0.006600099298295871
4546.3051749926035,0.5296540967895407,0.006467877147972309
4561.503455315809,0.5216352513085853,0.006452160188369983
4576.752543430374,0.5214834801027595,0.006418276319289766
4592.052609186547,0.5213596838674275,0.006411840736985185
4607.403823002376,0.511992532652938,0.006370538863077386
4622.8063558656295,0.47153254050682036,0.0061471305251892105
4638.260379335682,0.426659209495438,0.005934871824005869
4653.766065545426,0.40249423473114465,0.0059089833965198305
4669.323587203196,0.3815789276912326,0.00585754138158161
4684.933117594696,0.37869685372757433,0.005725999236405094
4700.594830584916,0.3558615375515264,0.005678149622397585
4716.308900620076,0.348229114460789,0.0057654555209992265
4732.075502729573,0.34828000087146727,0.005887349324326803
4747.894812527928,0.31524447466856553,0.006055893656568686
4763.767006216733,0.31405949787815235,0.00633528584510424
4779.692260586626,0.3157551285399711,0.0066887086886442855
4795.67075301926,0.30167768691992963,0.007135429772479882
4811.702661489265,0.2914697492014884,0.007514492762371171
4827.7881645662455,0.29185219538047663,0.00780474453017287
4843.927441416762,0.2741203368074069,0.00731854716632786
4860.120671806329,0.2779416459527803,0.006704274519091508
4876.368036101411,0.2833483211119017,0.006587986807981191
4892.669715271444,0.3064960692875682,0.00914773809365689
4909.025890890844,0.2599456339615372,0.011270875822531537
4925.436745141022,0.272522423195441,0.010100728097506177
4941.902460812428,0.2701299878596969,0.008592485527722299
4958.423221306581,0.2623956174145957,0.007155746296659143
4974.999210638101,0.2903938537654488,0.006613436248571054
4991.630613436779,0.29830032178698107,0.006566792192725901
5008.317614949616,0.2905515820009582,0.006491560052508863
5025.060401042893,0.31487811898554313,0.006471289620668783
5041.8591582042445,0.3421316712391186,0.006352278130231899
5058.71407354473,0.34506762353603926,0.006126015626347025
5075.625334800925,0.37134805064491955,0.005990330647451295
5092.593130337,0.3874374969921898,0.00580087649619584
5109.61764914683,0.40221262499998645,0.005604905433728066
5126.699080856102,0.40368411897372714,0.005429082253177849
5143.837615724411,0.3860437857378152,0.0052020445344971
5161.033444647393,0.3765423694855073,0.005057733547577286
5178.286759158847,0.3894474841103653,0.004907405718229365
5195.59775143287,0.3711880945591379,0.0046912734652984015
5212.966614285993,0.3496353596588033,0.0045038542386240535
5230.393541179339,0.29729402262871946,0.004221030559017186
5247.878726220767,0.2643211421603736,0.0038944967562362346
5265.4223641670305,0.24431743646422807,0.0037590440572157465
5283.024650425963,0.24998833422548644,0.004081238363080351
5300.685781058646,0.258316862229129,0.004264332836961518
5318.405952781588,0.2636771571047766,0.004038827800124609
5336.185362968923,0.26067699005922407,0.0035974357603854364
5354.024209654601,0.25941761412658065,0.003539258793211644
5371.922691534604,0.2789240608721373,0.0034991067868096397
5389.88100796915,0.2716375975328681,0.003433704178284033
5407.899358984922,0.2625068592673309,0.003317331612315375
5425.977945277293,0.22811371546677295,0.003161695399970844
5444.116968212549,0.21573232928354796,0.003033123245168017
5462.316629830153,0.2203300225635671,0.0030313190058639545
5480.577132844979,0.24011791514430775,0.003086214463993648
5498.89868064958,0.2734694225659157,0.003166538776445383
5517.28147731645,0.3033494101017055,0.0032027485013654514
5535.725727600293,0.3190637940430928,0.003204671955076697
5554.23163694031,0.3309239389526015,0.003231963330416259
5572.79941146248,0.33966107191806605,0.0032549457691363947
5591.429257981867,0.33470275478497136,0.0033243878351428063
5610.121384004915,0.3325074606252737,0.0032828886747344114
5628.875997731756,0.3310843893528317,0.003131081545769953
5647.69330805854,0.32219987651244186,0.0030697015579448862
5666.573524579752,0.3183033077404254,0.0030227518032039605
5685.516857590555,0.3092508504907099,0.002948881028055303
5704.523518089128,0.296452427604072,0.0028805603389055624
5723.593717779009,0.2920812771827104,0.002809476409831508
5742.727669071467,0.2831652965567535,0.002736208696216245
5761.925585087854,0.28538904399572806,0.002693556508995552
5781.187679661996,0.2777319952998286,0.002640644743767883
5800.5141673425605,0.2848192532077035,0.0026266258918269344
5819.905263395445,0.29429424437510776,0.002645270419321587
5839.361183806187,0.29593231489570554,0.0026130515229892863
5858.882145282354,0.2932134416464959,0.0025569474757178314
5878.468365255977,0.2831889405993745,0.0025246111463960445
5898.12006188596,0.2847228718986692,0.0025279947043265654
5917.837454060502,0.29024535983663347,0.0025415026731981584
5937.620761399551,0.28402215562616584,0.0025055696591533756
5957.470204257241,0.27240311732152694,0.0024253475422584777
5977.386003724353,0.25443033171406537,0.0023502183442252384
5997.368381630775,0.22055957077580954,0.00220610532276874
6017.417560547961,0.18997904989279146,0.002015259795449258
6037.533763791432,0.15490618254513644,0.0018736440627680128
6057.717215423248,0.12230492076525817,0.0017218404104654252
6077.968140254503,0.09414468645840987,0.0015677453713207688
6098.286763847838,0.08163360181416848,0.0014724708074042392
6118.673312519953,0.08734359593672433,0.0014786381659932862
6139.128013344114,0.10552884503017539,0.0015610972756158116
6159.651094152697,0.12123812575716612,0.0016651775437677133
6180.242783539723,0.15268249603632827,0.0017758122761511441
6200.903310863401,0.18479440873447056,0.0018578760472880425
6221.632906248681,0.2000549992686753,0.0019542267840246615
6242.431800589825,0.22964151319423304,0.0020114126694460188
6263.300225552964,0.24818200365260407,0.0020258056648501947
6284.238413578695,0.25042508137305797,0.002020953025627531
6305.246597884667,0.25337197667475486,0.0020112548782334964
6326.325012468166,0.2550289207673935,0.00199522053571885
6347.4738921087355,0.25264685795011627,0.001979240281354702
6368.693472370778,0.2440365724072155,0.0019530026102081064
6389.9839896061985,0.24047432995884999,0.0018987844191963327
6411.345680957023,0.2316109102172758,0.0018710803742933873
6432.7787843580345,0.22139608355031884,0.0018249617028572385
6454.283538539437,0.21092530756013353,0.0017729122900704847
6475.860183029508,0.20735143186383936,0.0017722711499872678
6497.508958157264,0.19771615998516887,0.0017700886324632115
6519.230105055148,0.1951978052872429,0.001824465396459857
6541.023865661702,0.18608789665027747,0.001831926341214716
6562.890482724266,0.17829619069959524,0.001736240250246197
6584.830199801685,0.16614821771191854,0.0016568952088198063
6606.843261267024,0.1682235833583522,0.0016146665257827126
6628.929912310285,0.15771362418039664,0.0015778216782309396
6651.0903989411345,0.15587832306757127,0.0015466265310548712
6673.324967991654,0.14918165291601695,0.0014999923866790118
6695.633867119077,0.14289264516819328,0.0014600529845468586
6718.017344808559,0.13757520200317774,0.0014352031348914376
6740.475650375945,0.13486882192741745,0.0014045320114082988
6763.009033970533,0.12895619246933396,0.0013925734144686968
6785.617746577873,0.1268133557881483,0.0013854985879624998
6808.302040022556,0.12241384030870044,0.0013652695730472372
6831.062166971027,0.11656928760450155,0.0013663541028211394
6853.898380934393,0.12124470312889696,0.0013598758266006627
6876.81093627124,0.1157684634618556,0.0014385559918668645
6899.8000881904845,0.11449452993070353,0.0014613177280607648
6922.866092754194,0.1093716034444416,0.0014197560900201867
6946.0092068804615,0.10700230108064539,0.0013774300753913588
6969.229688346255,0.10982298601403213,0.0013829970453177252
6992.52779579028,0.10337312889703464,0.0013665652394221602
7015.903788715879,0.10277280810868064,0.0013283422575474484
7039.357927493908,0.10107141650003554,0.0012766334747733937
7062.890473365647,0.10137238156635524,0.0012521265639666458
7086.501688445705,0.1043625318943159,0.0012763161447683282
7110.191835724931,0.10016852748675578,0.0012821462214734885
7133.961179073358,0.09785282020711793,0.0012538294926386312
7157.809983243131,0.09936662855055267,0.0012497737408087419
7181.738513871466,0.09276342875277804,0.0012164607771398403
7205.747037483605,0.09516082276655354,0.001419154269127541
7229.835821495773,0.08967453134100281,0.0016897490684735172
7254.005134218174,0.08605678432055504,0.0015120316846027107
7278.255244857964,0.08285050518358764,0.0012984861517988618
7302.586423522268,0.08115624640716594,0.0011826268209702
7326.998941221176,0.08158663160164842,0.001261384328548055
7351.493069870756,0.07328080577797338,0.0012536709300583558
7376.069082296098,0.06868461753523049,0.0012118646743222209
7400.727252234339,0.06254251456236892,0.0011731802877834447
7425.467854337722,0.05650505806550593,0.0011712255022936187
7450.291164176657,0.0552049219733655,0.0011961729665172884
7475.197458242774,0.05997732765620748,0.0012426700644652146
7500.187013952019,0.06169079478765847,0.0012131621265588529
7525.260109647734,0.06102496992503825,0.0012415153616579038
7550.4170246037675,0.0670338210576629,0.0011792275401052302
7575.658039027581,0.06510976593814066,0.0012238353650080897
7600.9834340633615,0.06853961406542965,0.0012198794999886222
7626.393491795165,0.0681044275990817,0.0011745851862964892
7651.888495250046,0.06638753126010725,0.001140607824642621
7677.468728401224,0.067570485335974,0.001128417768000535
7703.134476171246,0.06805073515901386,0.0011157262739181324
7728.886024435141,0.07340249719247528,0.0011139159598078099
7754.723660023623,0.07414509092375021,0.001126797785472708
7780.6476707262755,0.07627437724271963,0.001138142628385471
7806.658345294771,0.07900597427164892,0.0011446114358582883
7832.755973446074,0.0781023482251171,0.0011481020231273163
7858.940845865665,0.08181256011283605,0.0012617660569410028
7885.213254210794,0.07775857367179963,0.0013699137597857607
7911.573491113709,0.07475010903462276,0.0012971926824703066
7938.021850184939,0.07472553428429603,0.0013600321411672172
7964.558626016547,0.06790122129863979,0.0012496107311486433
7991.184114185413,0.0654595843741913,0.0013029446438735212
8017.898611256533,0.058489422616741546,0.0012525165046370652
8044.702414786312,0.05238861529016727,0.00116458275340555
8071.595823325894,0.05009451116873832,0.0010849417664173127
8098.57913642448,0.04661328329936651,0.0010216170435605099
8125.652654632648,0.04155436536693888,0.0009680937628911318
8152.81667950573,0.03457669270750602,0.0009110049220673906
8180.07151360715,0.0371213048797944,0.0010506631585627773
8207.417460511802,0.03365945251975523,0.001221731425942408
8234.854824809423,0.029777048201229568,0.0012019826094007665
8262.383912108004,0.03561198687256014,0.0010159433138389757
8290.005029037178,0.042148730100028106,0.0009482249044292765
8317.718483251632,0.04790848667931435,0.0012000160296624716
8345.524583434553,0.047173444185814234,0.0013166491652505012
8373.42363930105,0.061737693135520855,0.0012961236119241918
8401.415961601604,0.06580118891606002,0.0014035930123205542
8429.501862125539,0.07471044729092535,0.0013366683725504896
8457.681653704487,0.08198188482512117,0.0014742042433175263
8485.955650215876,0.08312599127710604,0.001434364771087998
8514.324166586423,0.08350314267268949,0.0014268558181061996
8542.787518795645,0.08185574440680012,0.0013730570902927544
8571.346023945849,0.08424269149903425,0.0013424137204876864
8600.000000000004,0.08524351476087402,0.0013309565297641114
