wave,flux,sigma
3300.0000000000005,0.03767781218252872,0.023684911051619715
3311.0318870238752,0.014254778627395673,0.023394609450825644
3322.1006535769357,0.024175896404508092,0.022543329447985826
3333.2064229988164,-0.006052508745831792,0.022299970983435786
3344.349318964206,0.0036896707252965207,0.021837694582720005
3355.52946558699,-0.002338769302069143,0.02148198945071521
3366.7469873959726,-0.02520634531485432,0.02123789248767623
3378.0020093362546,-0.02373809782278544,0.02051576640919929
3389.2946567706267,-0.03080943718585381,0.020582053344840725
3400.6250554809667,-0.051434003493237956,0.020168409097158176
3411.9933316696415,-0.0007118647924904918,0.019657741832399968
3423.3996119609133,0.01656808043333798,0.019752489608499513
3434.844023402349,0.03867494768415956,0.01916639008222333
3446.3266934662315,0.024251460616169968,0.01847643588094537
3457.847750050986,0.047273983526027866,0.018116584669813498
3469.4073214825994,0.032034465112231486,0.01812828663014797
3481.0055365160556,0.01244624123537502,0.017790258096291374
3492.6425243367635,0.014167897675417651,0.017372070134665872
3504.318414561997,0.01631141377088745,0.016971457142870218
3516.033337242342,0.02760767727637891,0.01648740650182118
3527.7874228631417,0.00047062751677277105,0.01638889489624893
3539.5808023459526,0.035873000493493484,0.016208013585066468
3551.4136070500026,0.008437547313575568,0.015958151149830894
3563.28596877365,0.007635593392741215,0.01563601875655053
3575.198019755855,0.05695286377592093,0.015588909525886235
3587.149892677652,0.04343371444914775,0.015323876627780099
3599.1417206636297,0.017509683644280273,0.014895525665047479
3611.173637283412,0.02743093502963085,0.014833053644809325
3623.2457765531435,0.01355556785893849,0.014852090027825613
3635.3582729369846,0.02335301232250593,0.014781218096695638
3647.511261348607,0.0229439591211999,0.0146235412352447
3659.7048771527016,0.02213121567303833,0.013957145556485298
3671.9392561664827,0.005822560451170737,0.013365813921795075
3684.2145346612006,0.008714167133290922,0.013207498389241429
3696.5308493636576,0.02103910588270739,0.013427603861540072
3708.8883374577335,0.0410153219960788,0.013766049111110443
3721.2871365859164,0.03719950726070444,0.014245868399554704
3733.7273848508326,0.04252896472454921,0.014276031076211827
3746.2092208167815,0.04404681610467698,0.014308670352910308
3758.7327835112833,0.03474390981347848,0.014080903179805515
3771.298212426627,0.009043832382841434,0.013344257854600264
3783.9056475214256,0.021750587518418504,0.012344408251143623
3796.555229222173,0.013930207913182682,0.012114613150673961
3809.247098424805,0.018688853554687218,0.012135663634978954
3821.981396496276,0.014980577033017509,0.012203192811988128
3834.758265276125,0.026752218555505643,0.012537564024905223
3847.577847078064,0.02022664221344279,0.0127215024003193
3860.4402846915605,0.008600685778622422,0.012228923901041078
3873.3457213834213,0.007601400243417778,0.011845401280918356
3886.294300899397,0.013523801940917754,0.011645942456135858
3899.2861674657775,0.030422493409301834,0.011524059097011237
3912.3214657910025,0.03183571061148137,0.01141015893652895
3925.4003410672735,0.043103139842276414,0.011166349698433631
3938.5229389721653,0.036277151996063094,0.011135535671031874
3951.689405670252,0.04182630811637171,0.011020224262912211
3964.8998878147377,0.05381778653566256,0.011075287871595384
3978.154532549086,0.031085776941810483,0.011035918912456167
3991.453487508664,0.03430055834328358,0.010637047048895232
4004.796900822377,0.05134255213485832,0.010560874749476385
4018.18492111433,0.07340610241887688,0.010589441032243758
4031.617697505474,0.050653630342721426,0.010605929101583816
4045.0953796152735,0.05867937620937,0.01036012608247775
4058.618117563371,0.03228700727575324,0.010478930304436243
4072.1860619712556,0.03799502023229595,0.010468067448831714
4085.799363963945,0.046126165220009896,0.010111397126062696
4099.458175171663,0.01702406418565717,0.01004814829941512
4113.162647731542,0.03539362241209179,0.010139944396336548
4126.912934289301,0.03261152515954571,0.01009246511100601
4140.709188000954,-0.00010112159805333323,0.010018990073972016
4154.551562534517,0.017660559193992703,0.00998647610296056
4168.440212071713,0.021209699254406664,0.010055101793488652
4182.3752913097,0.017768639395734774,0.010016677555907428
4196.356955462785,0.020368546971555507,0.009873033426861291
4210.385360264156,0.025105717437379178,0.00983825811950575
4224.460661967617,0.018512000325001388,0.009821797878821304
4238.583017349324,0.04305082398840792,0.009760735983747207
4252.752583709542,0.03090715987937015,0.009620780086733654
4266.969518874386,0.03758322882078746,0.009483005137660247
4281.233981197582,0.04380982000764645,0.009438474109998906
4295.5461295622345,0.04964439891817422,0.009417384703548652
4309.906123382591,0.057220863310420894,0.00947327997010264
4324.314122605823,0.04165326022451348,0.009483118096372013
4338.770287713807,0.021165896050642036,0.009268398278969246
4353.274779724901,0.01364152116205373,0.008826220625882689
4367.827760195754,0.007442543026408337,0.008904846415921458
4382.429391223097,0.03185556338410624,0.00907840098689696
4397.079835445547,0.014317835425037598,0.008827248585396406
4411.779256045427,0.02359784269019793,0.008711649199495396
4426.527816750571,0.01854496604232315,0.008704710593391318
4441.32568183616,0.008885352653056486,0.008525502780085344
4456.17301612654,0.025911070526003815,0.008635897225060836
4471.06998499707,0.037130664300204744,0.008666344623189394
4486.01675437596,0.02847861099523684,0.008807781376013566
4501.013490746111,0.03384953830346069,0.008857521555482747
4516.060361146975,0.04188395418547681,0.00878469514055676
4531.157533176423,0.027928665962423105,0.00872022843093168
4546.3051749926035,0.03519117956882302,0.008660041043599164
4561.503455315809,0.04214945558624039,0.008857639254158351
4576.752543430374,0.0414973811149755,0.00876636914919221
4592.052609186547,0.05008549017537452,0.009058432170691903
4607.403823002376,0.07957064602703655,0.009553931250851952
4622.8063558656295,0.07752610665497496,0.00969792449919995
4638.260379335682,0.05400695908735405,0.009983156524574462
4653.766065545426,0.06451714502167083,0.010827514879756405
4669.323587203196,0.06857046503987321,0.011725306493102203
4684.933117594696,0.03865696759919774,0.012265493934255616
4700.594830584916,0.03725381321955963,0.01305173846462723
4716.308900620076,0.02194673259736659,0.013939000431052326
4732.075502729573,0.018648002845988304,0.014522480427227234
4747.894812527928,0.05611819872845646,0.014321228291333287
4763.767006216733,0.03118858522527318,0.013172653439014912
4779.692260586626,0.05055752799136686,0.012996047858999294
4795.67075301926,0.029982212345080347,0.01546028355821004
4811.702661489265,-0.004489970358438196,0.025468894510594052
4827.7881645662455,0.0495847370266073,0.02107368253424268
4843.927441416762,0.08118967289174595,0.017069629622200506
4860.120671806329,0.05204106256297449,0.014369674919854821
4876.368036101411,0.04859217303919569,0.013332122063179117
4892.669715271444,0.06038485693167142,0.013016371229340771
4909.025890890844,0.05439087168144534,0.012735307376088556
4925.436745141022,0.052704290031463645,0.012423962280487357
4941.902460812428,0.0450955133207212,0.011742584846806941
4958.423221306581,0.047006472063553295,0.010793284932773851
4974.999210638101,0.06171871700760509,0.010065227061485674
4991.630613436779,0.06030260058936613,0.009438849988565154
5008.317614949616,0.050104370826676535,0.008811861325777085
5025.060401042893,0.0431267387722747,0.008428054280052433
5041.8591582042445,0.034306673158768494,0.008113549332752226
5058.71407354473,0.03162483909970611,0.0076461300408374195
5075.625334800925,0.022898571058797567,0.007317706863052339
5092.593130337,0.040141712869645824,0.007022943309017351
5109.61764914683,0.02784176022393975,0.006937796364245481
5126.699080856102,0.04250469563915965,0.006822215675145078
5143.837615724411,0.041299307259573745,0.006594044576013652
5161.033444647393,0.014424304591528532,0.0064584741840893085
5178.286759158847,0.03459276977131598,0.007097277903587572
5195.59775143287,0.04050039508224204,0.008476938350252157
5212.966614285993,0.040143810588968654,0.008331520180828202
5230.393541179339,0.03939097664733138,0.006069418083913912
5247.878726220767,0.04700693618747562,0.005878158929133797
5265.4223641670305,0.05610093123358198,0.005782376763806159
5283.024650425963,0.05611876401260674,0.005698616712009807
5300.685781058646,0.05808136479975207,0.005636058638823451
5318.405952781588,0.04706051906851253,0.005526637387261744
5336.185362968923,0.05806030451632034,0.005329622835793734
5354.024209654601,0.059011682272670854,0.005176203956521578
5371.922691534604,0.04906443921601128,0.005080391920028284
5389.88100796915,0.06584096759290857,0.004965509519834249
5407.899358984922,0.06580499705730602,0.0049234513117310365
5425.977945277293,0.06437752731260085,0.00490588589526761
5444.116968212549,0.06760018159947492,0.004874884802656313
5462.316629830153,0.07312915675896092,0.004897738793355061
5480.577132844979,0.08075219536024497,0.005406328638297549
5498.89868064958,0.06938297409164335,0.00543001641086555
5517.28147731645,0.09602355009475709,0.004969619982511403
5535.725727600293,0.10080736921698844,0.0048359491574607874
5554.23163694031,0.09828935386921989,0.004728905626938664
5572.79941146248,0.08601760079732411,0.004634812156925406
5591.429257981867,0.0865435642517221,0.004498936118200285
5610.121384004915,0.08551302143163807,0.004356105726618125
5628.875997731756,0.08119257036561459,0.004244643119167512
5647.69330805854,0.07287002862887287,0.004063205708648911
5666.573524579752,0.05240325871426882,0.003937507284606639
5685.516857590555,0.0622116634387963,0.0038506229758634315
5704.523518089128,0.049651508191137166,0.0037444044726566636
5723.593717779009,0.03547609060000792,0.003611183513961135
5742.727669071467,0.04189272335312965,0.003585799605794642
5761.925585087854,0.05233589161587898,0.003615682154208712
5781.187679661996,0.056853218497340374,0.003575341313555611
5800.5141673425605,0.06937704619800869,0.003670312168696141
5819.905263395445,0.07650007484997101,0.0037744964015380056
5839.361183806187,0.079671702168989,0.003721188650240512
5858.882145282354,0.0821422671176958,0.00380295200502326
5878.468365255977,0.07478788737984793,0.0037816816652705356
5898.12006188596,0.07301276476229873,0.003545160073593289
5917.837454060502,0.06740036937212898,0.0034906708471602573
5937.620761399551,0.05949712010525513,0.0033592435357426655
5957.470204257241,0.05828678132207741,0.0031900802770988028
5977.386003724353,0.05270806414819872,0.0030835108146421266
5997.368381630775,0.048773345499324716,0.0029954817332091084
6017.417560547961,0.04358275879608148,0.00300735178809451
6037.533763791432,0.0361278695834398,0.0029749907401254373
6057.717215423248,0.03498071576091152,0.0029331005507014563
6077.968140254503,0.031984362852060265,0.002934105844277812
6098.286763847838,0.03767778907726484,0.002903901032357235
6118.673312519953,0.03909273800195324,0.0028369410261624033
6139.128013344114,0.03891750891388862,0.002774980258769681
6159.651094152697,0.03324262909418024,0.002693738909811814
6180.242783539723,0.03415765301279072,0.0026335948363634828
6200.903310863401,0.04328492642576854,0.0026305537958628425
6221.632906248681,0.043561082192628026,0.002647880469441422
6242.431800589825,0.04584239916489985,0.002624715782828735
6263.300225552964,0.044293190060499796,0.002572272770982967
6284.238413578695,0.03572728598502306,0.0025054094217154257
6305.246597884667,0.036589211101892144,0.002467602812924387
6326.325012468166,0.03599207074397677,0.002440088165332025
6347.4738921087355,0.039160806149286485,0.0025042525177708863
6368.693472370778,0.03672760308672693,0.002628683541800826
6389.9839896061985,0.043711056674642285,0.002755260441189684
6411.345680957023,0.04464740628779365,0.002860583745953239
6432.7787843580345,0.05148131087689738,0.0027492339315199972
6454.283538539437,0.05959195147217398,0.0026851215220841094
6475.860183029508,0.06264835466386504,0.002650807957415487
6497.508958157264,0.06638531268193794,0.0026299573877098686
6519.230105055148,0.06536517255938712,0.0025903471070961768
6541.023865661702,0.07282052602625357,0.0025411620959225126
6562.890482724266,0.06908797487336676,0.0025050490925583773
6584.830199801685,0.05987511996091063,0.0024666489653788633
6606.843261267024,0.05942625770827634,0.002407863761280853
6628.929912310285,0.06050953556627337,0.0023667205605147675
6651.0903989411345,0.05014524971266191,0.002329563336691566
6673.324967991654,0.040254355885810555,0.0022846708049303966
6695.633867119077,0.041767361215369066,0.0022268723474348656
6718.017344808559,0.03164815636873514,0.002150890175095973
6740.475650375945,0.029445202975712535,0.002465612427220923
6763.009033970533,0.019200359338077518,0.002613915136301689
6785.617746577873,0.02231826708279031,0.002539241137410693
6808.302040022556,0.028152558814705297,0.0024551921829597525
6831.062166971027,0.02522023714252307,0.0025198653821479344
6853.898380934393,0.028964907927037632,0.002489477199790894
6876.81093627124,0.02670608216934295,0.00235129293065141
6899.8000881904845,0.02617383031912901,0.0021910232912581468
6922.866092754194,0.02278704119741192,0.002123424680538782
6946.0092068804615,0.027048097161413133,0.0021444173977750794
6969.229688346255,0.03458665920389278,0.002220276180976751
6992.52779579028,0.025736111619026784,0.002154650352648324
7015.903788715879,0.021005586082614134,0.002201519103698333
7039.357927493908,0.02539713492233263,0.0021082370522816966
7062.890473365647,0.02551821682132124,0.0023402545992734867
7086.501688445705,0.030923053410449618,0.003207569514295347
7110.191835724931,0.027765762599402354,0.0030853955455511436
7133.961179073358,0.02608075738517047,0.0024687856694176375
7157.809983243131,0.025768250636286127,0.0021306899319721993
7181.738513871466,0.028300585516244228,0.0024189046280474118
7205.747037483605,0.03226556246073356,0.002579242164928153
7229.835821495773,0.028867939913778177,0.0025059830240027124
7254.005134218174,0.03498949653811763,0.0024302321907653545
7278.255244857964,0.029039120749316152,0.0025654554425799015
7302.586423522268,0.03278389027108988,0.0026153958437724993
7326.998941221176,0.032641246673302385,0.0027499328390987892
7351.493069870756,0.03799675758825127,0.002547023016255698
7376.069082296098,0.03145398915977989,0.0027522559445741375
7400.727252234339,0.03687898388677751,0.0025512093568036878
7425.467854337722,0.042158874367196446,0.0025863810978558
7450.291164176657,0.033445057929403915,0.0025859618065320485
7475.197458242774,0.03136874696386195,0.002460704935311681
7500.187013952019,0.03698558602543633,0.0023396577251557377
7525.260109647734,0.02926694315693507,0.0021545134489412733
7550.4170246037675,0.02985955962518382,0.0020707214699624502
7575.658039027581,0.03132133237612788,0.00204467589033571
7600.9834340633615,0.024936852619839637,0.002020028586181981
7626.393491795165,0.028147450804610927,0.0020183786203145765
7651.888495250046,0.03750407006479703,0.002060653260795438
7677.468728401224,0.03228865824302207,0.0020569758243266074
7703.134476171246,0.03292359954564192,0.0022973017964365602
7728.886024435141,0.04106424093820621,0.0028529344713268804
7754.723660023623,0.03693662476509209,0.0025315584294615568
7780.6476707262755,0.05355779129112122,0.002925081640444825
7806.658345294771,0.047654659360243525,0.0025950102093106496
7832.755973446074,0.039006025838697445,0.002808055687908568
7858.940845865665,0.039921998295032124,0.002836299319202913
7885.213254210794,0.03455814821479978,0.002602086985335108
7911.573491113709,0.02177213617407648,0.0023985753348798847
7938.021850184939,0.02787961614948212,0.0021555124452823323
7964.558626016547,0.021883930621189367,0.0020190050642658595
7991.184114185413,0.02494205577294191,0.0019594667029234807
8017.898611256533,0.01966556245779734,0.002121002145679252
8044.702414786312,0.01083180264394437,0.002629444408203173
8071.595823325894,0.019425005446376493,0.002674561290648618
8098.57913642448,0.016028537885383665,0.0022283591762186335
8125.652654632648,0.01464945693884214,0.0018456382534131988
8152.81667950573,0.022264618340123603,0.0024021984898006344
8180.07151360715,0.013080657964331624,0.0030603655110509917
8207.417460511802,0.0038151907401091562,0.0024924456258680673
8234.854824809423,0.014531872797284098,0.003087855508539984
8262.383912108004,0.008778822974532984,0.0025365977589399498
8290.005029037178,0.009203408952017478,0.0028281465922655384
8317.718483251632,0.016610274846891752,0.002915215166719142
8345.524583434553,0.0013163566232734301,0.0026065109390394406
8373.42363930105,0.005234015458477955,0.0024914574602836696
8401.415961601604,0.007993108708979138,0.0022719084622627333
8429.501862125539,0.00899248640068254,0.002133352574331867
8457.681653704487,0.012549478353882065,0.002049243773258798
8485.955650215876,0.016352900062303083,0.0021072377028446784
8514.324166586423,0.02935007429201896,0.002145254511471573
8542.787518795645,0.038733498584307274,0.002267454324395743
8571.346023945849,0.02961033482553565,0.0021745704633910393
8600.000000000004,0.02445071878457805,0.002263240148021014
