wave,flux,sigma
3300.0000000000005,0.36818859212614574,0.025217006591646288
3311.0318870238752,0.46311293978804347,0.024498915845795968
3322.1006535769357,0.4153321600406942,0.024356470297295815
3333.2064229988164,0.4957212940464444,0.023835288135751028
3344.349318964206,0.5044374842899566,0.023690190529494677
3355.52946558699,0.49076001225224375,0.023737370982438822
3366.7469873959726,0.4523390848220854,0.023442952856313162
3378.0020093362546,0.4888005704197178,0.022699386720690436
3389.2946567706267,0.530546608654165,0.02251745816009884
3400.6250554809667,0.4907135284864773,0.022044734307391324
3411.9933316696415,0.5432655975614454,0.021480132999527623
3423.3996119609133,0.5840353543024654,0.021974089320206208
3434.844023402349,0.5717536972462534,0.021879456851984704
3446.3266934662315,0.5649144920387942,0.020825830859507604
3457.847750050986,0.522925977146502,0.020077212818361934
3469.4073214825994,0.5294009974017624,0.019944412177802004
3481.0055365160556,0.5776984748077783,0.019802441107610955
3492.6425243367635,0.5726510863071116,0.019301277873228186
3504.318414561997,0.5439413377607384,0.01887155283574836
3516.033337242342,0.5421200412881318,0.018621498179663357
3527.7874228631417,0.5431276374761939,0.018585666732321014
3539.5808023459526,0.5481344506075576,0.01853481928305431
3551.4136070500026,0.5655998453747648,0.018288948134529616
3563.28596877365,0.5671331489365308,0.017988214652069387
3575.198019755855,0.5346924845502341,0.01778543598389287
3587.149892677652,0.5620511193795269,0.017551669086663255
3599.1417206636297,0.5647866672369783,0.01714220838362221
3611.173637283412,0.5064532530733815,0.016706631261899436
3623.2457765531435,0.5153163047408462,0.01630848448206211
3635.3582729369846,0.5259403436398205,0.016037845714010502
3647.511261348607,0.5161643877063902,0.015937502787714886
3659.7048771527016,0.521454673133576,0.01566797433414083
3671.9392561664827,0.4593157017855472,0.015092782895854447
3684.2145346612006,0.34917393939490854,0.014210312114845467
3696.5308493636576,0.2929323034275544,0.013462815132886313
3708.8883374577335,0.28499629007934485,0.013206530872354964
3721.2871365859164,0.29541334744267866,0.013247051413234226
3733.7273848508326,0.3071408279166351,0.012949396089926068
3746.2092208167815,0.2710127085070093,0.012479817993816337
3758.7327835112833,0.25107867363781156,0.012728262054246823
3771.298212426627,0.24559282871476001,0.013114928878952586
3783.9056475214256,0.2477924127375631,0.01286439429801613
3796.555229222173,0.275262825799761,0.012418710759765687
3809.247098424805,0.3232637936679541,0.012171498801445958
3821.981396496276,0.3693081066388154,0.01223104259214396
3834.758265276125,0.441548880381363,0.01271210695541537
3847.577847078064,0.49400009055845734,0.013084909566085393
3860.4402846915605,0.521618270340055,0.013497974405700481
3873.3457213834213,0.5834843435730996,0.014017770095718965
3886.294300899397,0.6273270638753357,0.014091533918623412
3899.2861674657775,0.6646593351024878,0.013803489917238464
3912.3214657910025,0.6522216667226137,0.013571307350936123
3925.4003410672735,0.6763945617280689,0.013239438591953813
3938.5229389721653,0.6305694916007798,0.01291999555699136
3951.689405670252,0.5656642726270453,0.012433263067621228
3964.8998878147377,0.49332751021508753,0.011957135985491191
3978.154532549086,0.4839018025437628,0.01179831924243436
3991.453487508664,0.4867430671278278,0.011598453026933304
4004.796900822377,0.4873435986954662,0.011698434179955166
4018.18492111433,0.5206219980381881,0.01173311021450711
4031.617697505474,0.5001816768523895,0.011623008908381435
4045.0953796152735,0.5546936382730434,0.011589777582111369
4058.618117563371,0.5903251112094188,0.011945399433788592
4072.1860619712556,0.6319271511163566,0.012114251442164615
4085.799363963945,0.6287351200589255,0.011900873506339709
4099.458175171663,0.633682021633384,0.011740975405159046
4113.162647731542,0.6049914949496444,0.011708047369762848
4126.912934289301,0.5987317873419806,0.011665433264165182
4140.709188000954,0.5818068084310435,0.011563794332658462
4154.551562534517,0.5435762419157499,0.011443361612182167
4168.440212071713,0.542521082100725,0.011331098962449217
4182.3752913097,0.5120812677721646,0.011171153103171275
4196.356955462785,0.48258035867858146,0.010989081161731033
4210.385360264156,0.472778670651837,0.010749117919919773
4224.460661967617,0.4481772013700037,0.010529684102916482
4238.583017349324,0.42984703574754324,0.010316812725465283
4252.752583709542,0.4206237068391847,0.010062066614556433
4266.969518874386,0.3827382832177452,0.009782645326797377
4281.233981197582,0.3392616046764757,0.009371500638757116
4295.5461295622345,0.28415525533866015,0.009104742303372505
4309.906123382591,0.2919824093563185,0.00909977431449162
4324.314122605823,0.30544533761396675,0.009299619262092402
4338.770287713807,0.35211558598408454,0.009365751591518154
4353.274779724901,0.33705335810307924,0.009264159013972652
4367.827760195754,0.36570241009635074,0.009392619831287438
4382.429391223097,0.3914050235687566,0.009492403286384045
4397.079835445547,0.3751310264281253,0.009326021984555804
4411.779256045427,0.3586647815774813,0.00921255749767396
4426.527816750571,0.3847183771058176,0.009282995688609219
4441.32568183616,0.3934401962509799,0.009348264650946472
4456.17301612654,0.4248247914994286,0.009468205146831625
4471.06998499707,0.4206914369532442,0.009548966399725613
4486.01675437596,0.46042911691589383,0.009625504116495067
4501.013490746111,0.4487633484735256,0.00973432645034322
4516.060361146975,0.46696035923910895,0.009746145871309153
4531.157533176423,0.46175312534868995,0.009660283556401781
4546.3051749926035,0.44159283253039033,0.009526161713976007
4561.503455315809,0.4534767990131191,0.009611785639116893
4576.752543430374,0.4479919177668045,0.009600859959104669
4592.052609186547,0.45035700780191334,0.009622528671974596
4607.403823002376,0.42248845875091856,0.009633231173081224
4622.8063558656295,0.4140353267651523,0.009530874034428578
4638.260379335682,0.40218510517512923,0.009511005672323098
4653.766065545426,0.35532415098924774,0.009774533875906577
4669.323587203196,0.38882378302807036,0.009983179426405508
4684.933117594696,0.36370291102242147,0.010270148690629213
4700.594830584916,0.37483571204846766,0.010817057656071744
4716.308900620076,0.35635593861283865,0.011492548923374825
4732.075502729573,0.32606143532901616,0.012267793459318024
4747.894812527928,0.31565495929648324,0.012944618411642012
4763.767006216733,0.30497017000078264,0.013475899289777023
4779.692260586626,0.32072975711206975,0.013685934402488229
4795.67075301926,0.3102873109359829,0.013469110226196353
4811.702661489265,0.28901196088451275,0.012589800653771821
4827.7881645662455,0.22499640939041066,0.011597779231319516
4843.927441416762,0.2104896357706746,0.011639926999166623
4860.120671806329,0.20128330106491793,0.014972069101361007
4876.368036101411,0.20945418905594293,0.01849257825106847
4892.669715271444,0.21795229556265033,0.015171817501477737
4909.025890890844,0.24395978773963897,0.013486814773950244
4925.436745141022,0.23676035674507073,0.013064389889281137
4941.902460812428,0.23752069911802814,0.012758866955660642
4958.423221306581,0.2407880893870351,0.012168903819295111
4974.999210638101,0.25076407470406326,0.011645270872787552
4991.630613436779,0.2712729994285894,0.011200276377312206
5008.317614949616,0.2595255349833963,0.010538385534350703
5025.060401042893,0.2650371697816877,0.009972608419883967
5041.8591582042445,0.28997080954059956,0.00964510148409704
5058.71407354473,0.2948890017866636,0.009244884331724096
5075.625334800925,0.30636483704090556,0.008890265379413087
5092.593130337,0.3003396703439781,0.008660147408760503
5109.61764914683,0.30650250176889915,0.008385300922803776
5126.699080856102,0.314809648624868,0.00806118003161626
5143.837615724411,0.29202933106051726,0.007809283342695852
5161.033444647393,0.30346916912686545,0.007645427800189662
5178.286759158847,0.315191586919887,0.007525616380853869
5195.59775143287,0.3154091548512703,0.00732228045670113
5212.966614285993,0.29918640697707466,0.007146839065752904
5230.393541179339,0.25944354500420974,0.006852295990312049
5247.878726220767,0.23433070219152144,0.0066862169703965765
5265.4223641670305,0.17921567827664964,0.006643924531372117
5283.024650425963,0.21835742963942914,0.006457989265004824
5300.685781058646,0.20166569833118692,0.006076696254622
5318.405952781588,0.22871353032717123,0.005949119362567978
5336.185362968923,0.2281379615503228,0.005795558756635229
5354.024209654601,0.22784043145852895,0.005665190667320384
5371.922691534604,0.21955928942527547,0.0055146490586806575
5389.88100796915,0.22563521385473298,0.005375550483115285
5407.899358984922,0.20955315943448494,0.0052010618157033095
5425.977945277293,0.1915574148798285,0.005028167409900496
5444.116968212549,0.18370375571858233,0.004903825943706204
5462.316629830153,0.1829014423411564,0.004878967365746291
5480.577132844979,0.20151114977647194,0.00496362815370896
5498.89868064958,0.22990547348777893,0.005013088879766264
5517.28147731645,0.24767019564396608,0.005001961875210268
5535.725727600293,0.2515558104157753,0.004953380307302083
5554.23163694031,0.24433814746879423,0.005156023344093685
5572.79941146248,0.24277473025235205,0.00514523053328752
5591.429257981867,0.2421345867318731,0.004820396921505435
5610.121384004915,0.2457620938159476,0.004737871813690939
5628.875997731756,0.2506105825046835,0.004681824168563565
5647.69330805854,0.24012971244269016,0.004565971218839549
5666.573524579752,0.23677406295058692,0.004477949398734402
5685.516857590555,0.23212945850840688,0.004380024207574937
5704.523518089128,0.2211473094622281,0.004246482337648148
5723.593717779009,0.19637556455786154,0.004098240526046671
5742.727669071467,0.1850198990491657,0.003984238011691692
5761.925585087854,0.19012244939852813,0.003957913417521528
5781.187679661996,0.1904773921507436,0.003922993213942947
5800.5141673425605,0.2083864383288858,0.003923956951346343
5819.905263395445,0.20310934650704282,0.00394555141513206
5839.361183806187,0.2145600626030993,0.003909277228495824
5858.882145282354,0.23037016982395525,0.003859808072132175
5878.468365255977,0.22057598051000338,0.0038441365102075656
5898.12006188596,0.21850301472085437,0.00384817971678607
5917.837454060502,0.22365010530404833,0.0038422575171817974
5937.620761399551,0.2318769255249249,0.00397462565495852
5957.470204257241,0.23718345263221025,0.00391497759701784
5977.386003724353,0.21876782216829693,0.003634048412519147
5997.368381630775,0.20986415559471586,0.00358760490530183
6017.417560547961,0.19312269976317453,0.0034609546256265645
6037.533763791432,0.15112872828490642,0.003204585759861284
6057.717215423248,0.1220052024224479,0.003038950541857981
6077.968140254503,0.09462940430328656,0.002893342668274758
6098.286763847838,0.08311153824119635,0.0027980417002787853
6118.673312519953,0.08160679299362777,0.0027385077558273784
6139.128013344114,0.08419936683067354,0.0027227854849670324
6159.651094152697,0.09946463284419714,0.002819642216342351
6180.242783539723,0.12521988863485406,0.0029180730762247403
6200.903310863401,0.1500306002346986,0.002959668838221102
6221.632906248681,0.1702736351208024,0.0030237878300109623
6242.431800589825,0.18593329589825952,0.0030545429187470363
6263.300225552964,0.2012755017596528,0.0030829743538629646
6284.238413578695,0.2110709206286036,0.0030773339236585305
6305.246597884667,0.20392361430417133,0.003020928558698097
6326.325012468166,0.2038870903979359,0.003008505252700639
6347.4738921087355,0.21339908493256213,0.0030250602920987
6368.693472370778,0.20683533031538615,0.0030016168186462427
6389.9839896061985,0.20832004658005293,0.002931243024210873
6411.345680957023,0.1915977561178672,0.002905131068461718
6432.7787843580345,0.1883655708585049,0.002901446238907015
6454.283538539437,0.18684513612252213,0.002881512494569369
6475.860183029508,0.17683451167565029,0.0029837358523974976
6497.508958157264,0.16559162259244764,0.0030603480001324887
6519.230105055148,0.17614442473599146,0.002969951594781494
6541.023865661702,0.16926295516315507,0.0028454261120490756
6562.890482724266,0.16591278319009417,0.0027292308566488495
6584.830199801685,0.15792692831865884,0.002678364514061487
6606.843261267024,0.15498744510863985,0.0026214735824443124
6628.929912310285,0.14891863902752608,0.0025812444194869993
6651.0903989411345,0.15236376358455153,0.002578015051938218
6673.324967991654,0.14825640990337816,0.0025489287860548182
6695.633867119077,0.14390591037841732,0.0024920263909125272
6718.017344808559,0.13574875356660104,0.0024342110420961646
6740.475650375945,0.12985868982210058,0.002415585630506469
6763.009033970533,0.12860866880346963,0.002460893499368126
6785.617746577873,0.12738270751698802,0.0024984515668295174
6808.302040022556,0.12628630388694784,0.002458139340439652
6831.062166971027,0.12095444810403247,0.0025959636474771914
6853.898380934393,0.11874250551729135,0.002661614529194444
6876.81093627124,0.11475845621491634,0.0026205650731385196
6899.8000881904845,0.11964881498605284,0.002527835595237556
6922.866092754194,0.1072889577104709,0.002502882469319347
6946.0092068804615,0.11273399364203542,0.0024595230981160083
6969.229688346255,0.10447180249929675,0.0023584853067051452
6992.52779579028,0.11460566143629487,0.0023300051648263804
7015.903788715879,0.12401515371671781,0.0023215227552310508
7039.357927493908,0.11517132823750377,0.0023037817554239564
7062.890473365647,0.10707910050240346,0.0022943903476633533
7086.501688445705,0.10823821390927206,0.002305166092530775
7110.191835724931,0.10996473431721401,0.002329892591811587
7133.961179073358,0.10872155843722875,0.0022678698896885373
7157.809983243131,0.10926693625733103,0.002660802745848737
7181.738513871466,0.10075964923454894,0.0036663935411105357
7205.747037483605,0.10049202706635277,0.0033042344993871662
7229.835821495773,0.1064161740640043,0.0026646265191642956
7254.005134218174,0.09724833985473659,0.0022903273039289493
7278.255244857964,0.09730650502457863,0.002428970214245667
7302.586423522268,0.10301594460390472,0.0025064605469840373
7326.998941221176,0.0976525783979407,0.002430471771595912
7351.493069870756,0.09299741248894663,0.0023769613356095036
7376.069082296098,0.09447796715824522,0.002466657996472239
7400.727252234339,0.08237578154389544,0.002450814430680323
7425.467854337722,0.07400344187031743,0.002422642827476581
7450.291164176657,0.056316191633175555,0.002309253376910496
7475.197458242774,0.06221361882119376,0.0024163183684629275
7500.187013952019,0.06538343333178526,0.0022845666788117976
7525.260109647734,0.06612367652756061,0.0023656954972683148
7550.4170246037675,0.06737963366082916,0.002352041867395228
7575.658039027581,0.07290944637309546,0.0022905259979441378
7600.9834340633615,0.07481088772947916,0.002251000391265736
7626.393491795165,0.08735288154332271,0.0022361579676784486
7651.888495250046,0.08376352803815164,0.002228742704327935
7677.468728401224,0.08087962674558996,0.002235627610388103
7703.134476171246,0.08518035969841342,0.0023082613356502275
7728.886024435141,0.08937674955913916,0.0023327243342147032
7754.723660023623,0.09353063528952493,0.00232359777571247
7780.6476707262755,0.09698970606285383,0.002326391187892523
7806.658345294771,0.0919574907680146,0.0024410222754621454
7832.755973446074,0.08605156746595631,0.0026782076341966775
7858.940845865665,0.08350308788042293,0.002520718053369766
7885.213254210794,0.08875052746206952,0.0027269814330704457
7911.573491113709,0.08080651682474761,0.00253981790355207
7938.021850184939,0.08397371274554224,0.0026420941039777797
7964.558626016547,0.0742875231753161,0.002574231726510742
7991.184114185413,0.07946138585093826,0.0024680146820976563
8017.898611256533,0.07322745695147848,0.002337905968388661
8044.702414786312,0.06437818756470484,0.0021965157777874803
8071.595823325894,0.06994568904882459,0.0021664056048752815
8098.57913642448,0.07047899938355726,0.0021292723596375213
8125.652654632648,0.05979675654077307,0.0021738858564317965
8152.81667950573,0.056380235201657705,0.0023393265528751663
8180.07151360715,0.042731486868325376,0.002264113250123648
8207.417460511802,0.04183715137374824,0.00203939229562628
8234.854824809423,0.040828557782066115,0.001984175491815759
8262.383912108004,0.04716777848735834,0.002329151745579082
8290.005029037178,0.03913049356799239,0.0025985637392924505
8317.718483251632,0.044215803740518936,0.0024717486498317845
8345.524583434553,0.04985303637030541,0.0027023598105942077
8373.42363930105,0.059965767835378964,0.00251767539350576
8401.415961601604,0.05943496623504313,0.0027321823175844914
8429.501862125539,0.06644698589784928,0.0026912103569596895
8457.681653704487,0.06729400415680478,0.0026080412159404627
8485.955650215876,0.0648841335698749,0.0025804861113810557
8514.324166586423,0.07384181223572016,0.00265065325441263
8542.787518795645,0.0709103240825453,0.002512118396598149
8571.346023945849,0.06643842596724847,0.002449072530164934
8600.000000000004,0.06610607337910056,0.002434363583018837
