wave,flux,sigma
3300.0000000000005,0.08350952723592098,0.025457340518864297
3311.0318870238752,0.13203184028671044,0.023988195442446226
3322.1006535769357,0.08832482387597614,0.022084805482358028
3333.2064229988164,0.11244764562137056,0.020907993629501825
3344.349318964206,0.11216495242299523,0.019656098415413135
3355.52946558699,0.09816335481375767,0.018728069405711232
3366.7469873959726,0.07236354941743628,0.017795995524009293
3378.0020093362546,0.07375668424590437,0.016839097421638596
3389.2946567706267,0.12475880022699609,0.0166236653735505
3400.6250554809667,0.10755979666854378,0.01601741335685407
3411.9933316696415,0.1055582412483698,0.01521105916195922
3423.3996119609133,0.12221225215342903,0.014800035161451952
3434.844023402349,0.09988238287616927,0.01424994669934185
3446.3266934662315,0.08410627119525214,0.01344375157179584
3457.847750050986,0.06292501603807416,0.013281476844485893
3469.4073214825994,0.06773925006650112,0.013464412762316219
3481.0055365160556,0.10196760091556525,0.01300621105344626
3492.6425243367635,0.11433249417235214,0.01211267840136708
3504.318414561997,0.11375573559733253,0.011662215532472368
3516.033337242342,0.10483461821761567,0.011482740294547282
3527.7874228631417,0.1200968459674374,0.011567553359537146
3539.5808023459526,0.13896287447351177,0.011517126465794949
3551.4136070500026,0.13827605897787512,0.011407935784259702
3563.28596877365,0.13137528139550889,0.011168079838225473
3575.198019755855,0.1341906724582541,0.01097234093018864
3587.149892677652,0.1324491985428155,0.010792145473985307
3599.1417206636297,0.14425634253638384,0.010551208596212001
3611.173637283412,0.14939308911377358,0.010301704962209012
3623.2457765531435,0.1462515760405309,0.010013915589525713
3635.3582729369846,0.14429222124909935,0.009602509214882506
3647.511261348607,0.16276256464798589,0.00933077310778656
3659.7048771527016,0.19327687159323473,0.009142602166449784
3671.9392561664827,0.1934651605072244,0.00905305133993139
3684.2145346612006,0.20852427966333179,0.00907114839227037
3696.5308493636576,0.22427362686191518,0.008956091582243392
3708.8883374577335,0.1996151716082009,0.008909202103346723
3721.2871365859164,0.1823652587409423,0.008702823151960094
3733.7273848508326,0.1834230985331782,0.00827777570937172
3746.2092208167815,0.1933716223237003,0.00778854451516555
3758.7327835112833,0.1630250827865393,0.007545558182783858
3771.298212426627,0.11854582277934485,0.007363353337525591
3783.9056475214256,0.13045715205194766,0.006964615111386871
3796.555229222173,0.11386990784482522,0.00691165758524649
3809.247098424805,0.10415474315419382,0.007010344631650158
3821.981396496276,0.12178335954962119,0.007004968161081473
3834.758265276125,0.14200084000190427,0.006904805298274212
3847.577847078064,0.17827865312370836,0.0068197675509160715
3860.4402846915605,0.1946356773573339,0.00685359696710723
3873.3457213834213,0.21616057689855,0.006830231922423594
3886.294300899397,0.2422712749747154,0.006946693800673142
3899.2861674657775,0.285726096760627,0.007272469924999463
3912.3214657910025,0.2878901677469379,0.007437250172680021
3925.4003410672735,0.27670151123916453,0.007251844110678401
3938.5229389721653,0.23371588475877397,0.007188557859327481
3951.689405670252,0.27750640584793074,0.007250758629139978
3964.8998878147377,0.3164236622471748,0.007162113665297341
3978.154532549086,0.3058693527349359,0.006902431005229845
3991.453487508664,0.2736909874893386,0.006585069053864163
4004.796900822377,0.2535833115248714,0.006432354870490813
4018.18492111433,0.232401095073359,0.006405338973122362
4031.617697505474,0.20558674099641858,0.0063578156325329255
4045.0953796152735,0.21907753500880242,0.006379010238485259
4058.618117563371,0.24959849704677844,0.0064623559268278865
4072.1860619712556,0.24550170820293074,0.006271261215000798
4085.799363963945,0.21539247164399994,0.005892012200435726
4099.458175171663,0.19129538265870477,0.005589678884498389
4113.162647731542,0.18961958098826062,0.00548544621238626
4126.912934289301,0.19140042611688143,0.0054510333488208785
4140.709188000954,0.19593703734361856,0.005413406456641387
4154.551562534517,0.19632043394723292,0.005401587938690463
4168.440212071713,0.2035006525123948,0.005388953325454169
4182.3752913097,0.22734113733789743,0.0053552346551237195
4196.356955462785,0.22192466128659388,0.0052419871695840855
4210.385360264156,0.2149657081375088,0.005173720631663159
4224.460661967617,0.21805653785274404,0.005126385373691392
4238.583017349324,0.21245834832718036,0.005074327270875611
4252.752583709542,0.20267999815630827,0.005020053779721562
4266.969518874386,0.20878147699684801,0.0049717140920320065
4281.233981197582,0.2096505251483092,0.00491822779758549
4295.5461295622345,0.22955234880929282,0.004898064781534287
4309.906123382591,0.2361935455277442,0.0049591960094334045
4324.314122605823,0.23055325770741666,0.004959977835230644
4338.770287713807,0.20144151317429856,0.0048313077528752265
4353.274779724901,0.1942667071020073,0.004662716089320405
4367.827760195754,0.17162014619839136,0.0045876018203700394
4382.429391223097,0.1511932985636744,0.004513882295897774
4397.079835445547,0.13762018089196593,0.004382634756363136
4411.779256045427,0.12885819959188144,0.004360200675903314
4426.527816750571,0.13282316568671784,0.004335692233589248
4441.32568183616,0.13280403260092094,0.004269781143735481
4456.17301612654,0.14537052518180943,0.004303826592713867
4471.06998499707,0.14997596845419597,0.0042969259545787165
4486.01675437596,0.16080475444031445,0.004290775077218823
4501.013490746111,0.17270907186280018,0.004297741835626663
4516.060361146975,0.1978432394560425,0.00435009394885729
4531.157533176423,0.23696017236310968,0.004437045029234481
4546.3051749926035,0.2822462264949261,0.004509010178018139
4561.503455315809,0.32891752365218113,0.004653930824403724
4576.752543430374,0.36635174958601324,0.004688966885464706
4592.052609186547,0.38047294537259824,0.004685020118273863
4607.403823002376,0.3902964123102498,0.004738462060346807
4622.8063558656295,0.4165969239265053,0.004711994043773864
4638.260379335682,0.3979805881723859,0.004605737153386995
4653.766065545426,0.34047575382626905,0.004508084020683319
4669.323587203196,0.2862922220918449,0.004323424514356691
4684.933117594696,0.22110735561119,0.0040925634054142564
4700.594830584916,0.20671058876038695,0.003966124742437023
4716.308900620076,0.18824348735440177,0.0039037952103159455
4732.075502729573,0.17299664513882196,0.0038468397761030958
4747.894812527928,0.16395215310075736,0.00377741524729297
4763.767006216733,0.14716923015532749,0.0037683429809077192
4779.692260586626,0.1721096018115367,0.0038588881438969976
4795.67075301926,0.19274048774882155,0.003952421030023727
4811.702661489265,0.20483852078619924,0.003973984047656931
4827.7881645662455,0.19356678290421525,0.003943432967703058
4843.927441416762,0.18692968268186116,0.003932281441759971
4860.120671806329,0.18685330341571288,0.0039976268519118984
4876.368036101411,0.18440526135572866,0.004105905339571779
4892.669715271444,0.20834222965319615,0.004296516750941636
4909.025890890844,0.24004947580099645,0.004662204193019904
4925.436745141022,0.26356368704346045,0.005087340821669974
4941.902460812428,0.2542126782688713,0.005376607354158186
4958.423221306581,0.2253303074273405,0.0055533761720717445
4974.999210638101,0.21649813723149913,0.005758908280943378
4991.630613436779,0.19304399868531275,0.005120857433025112
5008.317614949616,0.18530566877894694,0.004862562959191482
5025.060401042893,0.17111723138213508,0.00473027553548076
5041.8591582042445,0.14605086285028013,0.008267948569203548
5058.71407354473,0.14853211790136106,0.007877160437852124
5075.625334800925,0.17066937222523998,0.006933199652194739
5092.593130337,0.16354402175502458,0.0058478409634254045
5109.61764914683,0.13586244980729967,0.004999486970170324
5126.699080856102,0.1408042927595359,0.004652330618820964
5143.837615724411,0.14162522248322354,0.004551057177279851
5161.033444647393,0.16543528678734143,0.004537893233429005
5178.286759158847,0.1911605201339135,0.004522959051822182
5195.59775143287,0.22543477617100188,0.004393148041277647
5212.966614285993,0.2604929494163245,0.004344040924861819
5230.393541179339,0.283258658223716,0.004213590362867567
5247.878726220767,0.2945718496061227,0.004002990282116522
5265.4223641670305,0.3038742220539184,0.0038577569380407947
5283.024650425963,0.3121923220552837,0.003784296382707531
5300.685781058646,0.3124035594200627,0.0037039320910940195
5318.405952781588,0.2921630715066292,0.003561833457834162
5336.185362968923,0.29200218061496047,0.0034035967425206886
5354.024209654601,0.27845135554203626,0.0032919157137132875
5371.922691534604,0.28081492618905723,0.0032210746871259013
5389.88100796915,0.2851927407795752,0.0031573628036571763
5407.899358984922,0.28891002590263254,0.0031118622313078075
5425.977945277293,0.29289683550761414,0.0031100714188511485
5444.116968212549,0.2831031599736771,0.003692855829945708
5462.316629830153,0.26563759326293895,0.0036337963235617563
5480.577132844979,0.256234389418847,0.002943225020281213
5498.89868064958,0.23972184837200886,0.0028002348016616333
5517.28147731645,0.22652296736034028,0.0026671017890735264
5535.725727600293,0.20665375927676757,0.00257337520698316
5554.23163694031,0.20244226849510505,0.002514732577446458
5572.79941146248,0.17780176739664438,0.0024433588538420366
5591.429257981867,0.1642368780639636,0.0023323633538211057
5610.121384004915,0.15838254613613223,0.0022653390198541304
5628.875997731756,0.14532820841567057,0.0022096475398361536
5647.69330805854,0.13526769040698788,0.002124822547931325
5666.573524579752,0.12484944627494203,0.002076401353908437
5685.516857590555,0.11950837889898448,0.0020379834074264504
5704.523518089128,0.11663750808412432,0.002008538674921442
5723.593717779009,0.12173507506861023,0.0020127001517181733
5742.727669071467,0.134922862728062,0.0021015092711218677
5761.925585087854,0.15751405883053277,0.0021868818191392156
5781.187679661996,0.18646147563427876,0.002153761575225189
5800.5141673425605,0.20654983724083714,0.002110368301173778
5819.905263395445,0.23336566002240944,0.002155162431840067
5839.361183806187,0.2560355807926805,0.002163758709356041
5858.882145282354,0.26462808842678565,0.002138209887790366
5878.468365255977,0.2637764582560121,0.002085755669296172
5898.12006188596,0.2359900034854826,0.0020382110281884406
5917.837454060502,0.22973335984988313,0.0019929922849382074
5937.620761399551,0.1963746080713759,0.0019061348046038014
5957.470204257241,0.17871609892793555,0.0018342225218788667
5977.386003724353,0.1778862280763775,0.0017911815550258146
5997.368381630775,0.17280618765738515,0.0017542093585551696
6017.417560547961,0.16583170154238353,0.00171940053144202
6037.533763791432,0.15745560486493337,0.0016944331448303146
6057.717215423248,0.1582024885752233,0.0016899402564154458
6077.968140254503,0.16074065796270484,0.0016807449403463464
6098.286763847838,0.1462059956631241,0.0016324029789979383
6118.673312519953,0.12341030662713877,0.0015549273719937017
6139.128013344114,0.10456073806185157,0.0015556121494686072
6159.651094152697,0.09687816702010327,0.0016290265916843124
6180.242783539723,0.10788466050754222,0.0015539081591844255
6200.903310863401,0.1224229700395362,0.0014786226836875425
6221.632906248681,0.13109532423836595,0.001516559225644959
6242.431800589825,0.13392499491811471,0.0014778851971423313
6263.300225552964,0.1423785408001232,0.001445465262998079
6284.238413578695,0.15592520772385293,0.0014648733409837569
6305.246597884667,0.1702554746287273,0.0014834670733517325
6326.325012468166,0.1766040603023767,0.0014850657661392218
6347.4738921087355,0.1811014136499203,0.0014893550499880943
6368.693472370778,0.1862344599668574,0.0014859205983471587
6389.9839896061985,0.18506278104005658,0.001460989110763114
6411.345680957023,0.1841030974017268,0.0014596202918503967
6432.7787843580345,0.18443855303848616,0.001445677632123847
6454.283538539437,0.1898928795007547,0.0014180919547525357
6475.860183029508,0.19124120707171527,0.0014011925103335934
6497.508958157264,0.18422813813787858,0.001387753095939976
6519.230105055148,0.18112693921618425,0.00138110096535634
6541.023865661702,0.1784999381536692,0.0014047088724563417
6562.890482724266,0.17396861007565576,0.0014784041669942498
6584.830199801685,0.15633363699598118,0.001404417143833619
6606.843261267024,0.14077255194260796,0.0012747233083317017
6628.929912310285,0.1307797874412524,0.0012226840455612407
6651.0903989411345,0.11768160257034664,0.001195813343137842
6673.324967991654,0.10973022648363963,0.001202851025701116
6695.633867119077,0.10449518443973438,0.0012091447365524144
6718.017344808559,0.09539474833559754,0.001270132450224612
6740.475650375945,0.08955474078415984,0.001234930753674126
6763.009033970533,0.08489613090548945,0.0011480973540202882
6785.617746577873,0.0769264065737813,0.0011005093063983099
6808.302040022556,0.07876587842632556,0.0010801746783583317
6831.062166971027,0.0770556092438064,0.001065682231970752
6853.898380934393,0.07822933521785799,0.0010407171155952467
6876.81093627124,0.07894120682304334,0.001041863126502443
6899.8000881904845,0.07821516051062288,0.0010479393179837907
6922.866092754194,0.07990268830173858,0.0010375797021421969
6946.0092068804615,0.07694774889691032,0.0010244529994766986
6969.229688346255,0.078081094620716,0.0010167139563839848
6992.52779579028,0.0767689622123234,0.0010259093339550114
7015.903788715879,0.07072990294324774,0.0010458529027353126
7039.357927493908,0.07469752766823651,0.0010482657195039638
7062.890473365647,0.07446392247432732,0.0010914445040032365
7086.501688445705,0.07369419400715299,0.001155375736980172
7110.191835724931,0.07521179733465262,0.0011460887816369086
7133.961179073358,0.07689552942994912,0.0011216792179225674
7157.809983243131,0.0740105414271158,0.0010799300094790835
7181.738513871466,0.07337649059577378,0.0010586382084258005
7205.747037483605,0.07123828916161001,0.001024428519309314
7229.835821495773,0.07252334695333285,0.0010092443667016804
7254.005134218174,0.07466010056905806,0.0010064061035541473
7278.255244857964,0.07833298439316613,0.0010002762981890694
7302.586423522268,0.07694630789609315,0.0010030828396545522
7326.998941221176,0.07687641893041225,0.000989416191384488
7351.493069870756,0.0741756024872442,0.0009915057971961714
7376.069082296098,0.07263009667115813,0.0009946905501051664
7400.727252234339,0.07004103622485419,0.0009896513890175658
7425.467854337722,0.06536780814213472,0.0013952371153390854
7450.291164176657,0.065275265774585,0.0015399040444313936
7475.197458242774,0.06576912213212824,0.001244083387780104
7500.187013952019,0.06524559103722818,0.0010303541532188966
7525.260109647734,0.06495845836942851,0.0010231997670588308
7550.4170246037675,0.06404363212262143,0.0010669138857516533
7575.658039027581,0.06398543713611524,0.0010537300249978602
7600.9834340633615,0.06355111473222513,0.0010417656066793275
7626.393491795165,0.06253748893917296,0.001042698930794347
7651.888495250046,0.06225884246693189,0.001047097636805542
7677.468728401224,0.06032554939109683,0.0010893011250476111
7703.134476171246,0.05969085430418715,0.0010722134692415074
7728.886024435141,0.06038243236424165,0.0010620880705876508
7754.723660023623,0.05749897717448494,0.0010416806014360593
7780.6476707262755,0.05600093716066286,0.0009971777375546195
7806.658345294771,0.05781382108155232,0.0010306963123369265
7832.755973446074,0.052746428230997906,0.00101547115157997
7858.940845865665,0.056343627002963206,0.0009859178553309118
7885.213254210794,0.05610386163527328,0.0009618435976684772
7911.573491113709,0.053922059791602785,0.0009397722291729447
7938.021850184939,0.049832764326224105,0.0009251496706979261
7964.558626016547,0.049703519507323254,0.0009461177800668102
7991.184114185413,0.04950491616466748,0.0009805760394077667
8017.898611256533,0.050673646990425696,0.0009679988802347241
8044.702414786312,0.04673619746035798,0.0009615073831503568
8071.595823325894,0.04611934259098846,0.0009595858437565731
8098.57913642448,0.04693791751548264,0.0011302900478964595
8125.652654632648,0.043828242703278494,0.001056411272988603
8152.81667950573,0.03292923453342022,0.0010651891013345647
8180.07151360715,0.02626949253540964,0.0010343108544273627
8207.417460511802,0.021949313801935204,0.00100132973504567
8234.854824809423,0.02206713582418009,0.001037555384277327
8262.383912108004,0.0236743734332234,0.0010277716640057022
8290.005029037178,0.021086798130111065,0.0009516799843753634
8317.718483251632,0.022393277620544293,0.0009201713137285732
8345.524583434553,0.025239277895504945,0.0008743436016768357
8373.42363930105,0.029138657121615043,0.0008738315742284198
8401.415961601604,0.031545434882983114,0.0009035157893130971
8429.501862125539,0.04607293989642776,0.0011461189004277415
8457.681653704487,0.05587868300247034,0.001256939118301589
8485.955650215876,0.06643486379531842,0.0011640446338420532
8514.324166586423,0.07236384121730977,0.0009780547843796408
8542.787518795645,0.07559491619123487,0.0009911580945307457
8571.346023945849,0.08197075219520317,0.0012635375763749084
8600.000000000004,0.08497517213142394,0.001133133983500226
