wave,flux,sigma
3300.0000000000005,0.21180519480018484,0.003683072503138643
3311.0318870238752,0.22982630239951024,0.0036350026745078897
3322.1006535769357,0.24323349736725378,0.0035830754266841644
3333.2064229988164,0.24736214093405262,0.003594400213684236
3344.349318964206,0.2571804303965845,0.0035137680653810907
3355.52946558699,0.2543519799369075,0.003470946235131593
3366.7469873959726,0.2439145109134859,0.0033297589943224216
3378.0020093362546,0.22849402453942724,0.003141323850252974
3389.2946567706267,0.2313318554069699,0.0031124991499131335
3400.6250554809667,0.2318515322764844,0.0030723337713454615
3411.9933316696415,0.25031020217653843,0.003021336755073636
3423.3996119609133,0.262188683989107,0.0031015485335684533
3434.844023402349,0.2699797127586119,0.003111863254337823
3446.3266934662315,0.27055351945609774,0.003013419495646769
3457.847750050986,0.25968259667169347,0.002953740895309942
3469.4073214825994,0.24890133340074672,0.002909061550371165
3481.0055365160556,0.24335923732914833,0.0028780624088207895
3492.6425243367635,0.24698773321183318,0.0028346206059717146
3504.318414561997,0.2611477600812725,0.0027640829062991054
3516.033337242342,0.25273541430530566,0.0027006307560997925
3527.7874228631417,0.2470774108258344,0.0026682727608685094
3539.5808023459526,0.24357840747788914,0.00264044910702333
3551.4136070500026,0.2538148874927417,0.0026553395577810527
3563.28596877365,0.26103718164050527,0.0026556247138789985
3575.198019755855,0.2622815502790291,0.002671945972481408
3587.149892677652,0.25104584608129377,0.0026458934812107534
3599.1417206636297,0.23937189127121755,0.0026022411621004623
3611.173637283412,0.24210023582822565,0.0025447104857170355
3623.2457765531435,0.23281574140529537,0.0024504056710041855
3635.3582729369846,0.22181877585868298,0.002352134331348264
3647.511261348607,0.2174399417176105,0.0022865397519186135
3659.7048771527016,0.20058271263082939,0.0021817352655814784
3671.9392561664827,0.17260438015607807,0.002036335628140664
3684.2145346612006,0.14030747763223236,0.0019049453490947636
3696.5308493636576,0.11999722118116614,0.0018295793552752584
3708.8883374577335,0.10965551470854581,0.0018452295366831826
3721.2871365859164,0.11199423646222567,0.0018265367029909206
3733.7273848508326,0.11797186381065558,0.0017983206733307308
3746.2092208167815,0.12708068306301443,0.001734484814356915
3758.7327835112833,0.12313519793526427,0.0017096787161792401
3771.298212426627,0.1267406109931744,0.0016570191321710818
3783.9056475214256,0.12563059969461932,0.0016199971973739037
3796.555229222173,0.12478706172809648,0.0016604505557088459
3809.247098424805,0.13966363660275535,0.0017015088270191903
3821.981396496276,0.15802745985944344,0.0017763504697256693
3834.758265276125,0.18625718008362668,0.0018893603388448286
3847.577847078064,0.21533146251187055,0.0019528614226567878
3860.4402846915605,0.23182085732357982,0.001912009701809409
3873.3457213834213,0.2465733580736149,0.0019243850814349942
3886.294300899397,0.2617332111887303,0.001963595272176896
3899.2861674657775,0.2705536634310027,0.001995532038902453
3912.3214657910025,0.2898334032120332,0.002045852880538579
3925.4003410672735,0.3039243554862664,0.0021223244175583066
3938.5229389721653,0.28112341153070497,0.0021696367593865514
3951.689405670252,0.25640002688612984,0.002098640808401425
3964.8998878147377,0.2286463163152685,0.00195197619172917
3978.154532549086,0.2147232236262725,0.0018423080680631918
3991.453487508664,0.21295193239580984,0.0017745709098072528
4004.796900822377,0.2199766477153615,0.0017835536627618064
4018.18492111433,0.2314009810170841,0.0018446909583104726
4031.617697505474,0.2530148775983875,0.0018908566383498493
4045.0953796152735,0.2739326960157423,0.0019602689003868135
4058.618117563371,0.2927785067684499,0.0020284698601982397
4072.1860619712556,0.3010541696430661,0.0020060032093421414
4085.799363963945,0.3076615677306363,0.0019433180571299267
4099.458175171663,0.3014840702336308,0.0018772063474708424
4113.162647731542,0.28554368857234996,0.0018300518113800513
4126.912934289301,0.27808324022041087,0.001800306865841783
4140.709188000954,0.2672855403606169,0.0017912072972483164
4154.551562534517,0.2684912409017652,0.0017881841785637512
4168.440212071713,0.26962693710865565,0.0017770379096518566
4182.3752913097,0.25515147748178646,0.001749684140409151
4196.356955462785,0.23754667606246155,0.0016950416931851343
4210.385360264156,0.22392089802378995,0.0016401487576534377
4224.460661967617,0.21237332862741726,0.001573528043159979
4238.583017349324,0.20334054183834,0.0015326208381358215
4252.752583709542,0.19820255418557722,0.0015029518569895834
4266.969518874386,0.17847931996568825,0.0014541192376996365
4281.233981197582,0.15685938901342472,0.0013925906338248882
4295.5461295622345,0.14299501755508864,0.0013695692943343854
4309.906123382591,0.15804877402592163,0.0013946635512094672
4324.314122605823,0.17281641154141297,0.0014401342558816197
4338.770287713807,0.18544297301761659,0.0014569282590657993
4353.274779724901,0.19037205173034677,0.001455699232399986
4367.827760195754,0.1952800295323279,0.0014789782221596812
4382.429391223097,0.20165636299410217,0.0014813350697279735
4397.079835445547,0.1890891447228577,0.0014445516366616844
4411.779256045427,0.18249898759195637,0.0014356067962537954
4426.527816750571,0.1923878681488409,0.001456494346240392
4441.32568183616,0.20875607899916954,0.0014749616615208597
4456.17301612654,0.2201948453370316,0.0015032255676534058
4471.06998499707,0.229709580481604,0.0015052035639131838
4486.01675437596,0.2303223675819391,0.0015136664572429634
4501.013490746111,0.23016078522133857,0.0015069384590822874
4516.060361146975,0.23070083772334332,0.0014930151231567815
4531.157533176423,0.22821582676527344,0.0014822135327460851
4546.3051749926035,0.2219621079365674,0.0014568495491495144
4561.503455315809,0.21839374632493286,0.0014516178620873764
4576.752543430374,0.22005873673987558,0.0014370068527897498
4592.052609186547,0.22390334398275502,0.001433541957009078
4607.403823002376,0.21873896559126504,0.0014320169753238108
4622.8063558656295,0.21001473963428202,0.0013865147322456054
4638.260379335682,0.18984133912056644,0.0013359164348378798
4653.766065545426,0.17951766266970653,0.001327157727489328
4669.323587203196,0.1790853707188771,0.0013271263987248148
4684.933117594696,0.18569285248066422,0.0013173222277566973
4700.594830584916,0.18877055716851082,0.0013069686247027478
4716.308900620076,0.18173338152517557,0.0012921462411523176
4732.075502729573,0.17158295876514262,0.0012681638732401992
4747.894812527928,0.16048581133207396,0.00125289772547558
4763.767006216733,0.1684308952051608,0.0012666026390886849
4779.692260586626,0.1772611423548986,0.001279538103548391
4795.67075301926,0.17459696671235747,0.0012703897466147982
4811.702661489265,0.1537208482335814,0.0012342679238661921
4827.7881645662455,0.1281309226858814,0.0011665568389796549
4843.927441416762,0.11065501338229275,0.0011131468904712661
4860.120671806329,0.10427887753942043,0.001109953073842396
4876.368036101411,0.11380721126043146,0.0011519963833352249
4892.669715271444,0.1254429147984843,0.0012145078256306475
4909.025890890844,0.12739374741295745,0.0012880273352079874
4925.436745141022,0.13307225165118775,0.0013775333717873876
4941.902460812428,0.1344732957570039,0.001449388905347815
4958.423221306581,0.13390098018854507,0.0015158371932291065
4974.999210638101,0.13745867853481156,0.001604433912746751
4991.630613436779,0.14431567693536412,0.0016547629885331958
5008.317614949616,0.14346043820178567,0.0016380479253821439
5025.060401042893,0.14565973586351016,0.0014253178433278686
5041.8591582042445,0.15385947039699072,0.0014176778223366836
5058.71407354473,0.1550274288232224,0.001400258676999563
5075.625334800925,0.15754856523376395,0.002301252652950075
5092.593130337,0.16522031166747891,0.0021362095744318623
5109.61764914683,0.15913421304676253,0.0018372699979407332
5126.699080856102,0.14900098310118637,0.0016349303014383488
5143.837615724411,0.14947667646013812,0.0015530001040156697
5161.033444647393,0.1501102551932558,0.0015509581015573425
5178.286759158847,0.16295229333516553,0.0015386885002060878
5195.59775143287,0.1656031677745864,0.001480683754922629
5212.966614285993,0.1529945702169812,0.0014143901202721316
5230.393541179339,0.1360224727186521,0.0013034649346570345
5247.878726220767,0.11783993631661338,0.0011796545705115523
5265.4223641670305,0.11415554117507329,0.0011114217154935585
5283.024650425963,0.11681573145552122,0.001083791543728293
5300.685781058646,0.11762402662610774,0.001065939445962094
5318.405952781588,0.1244531509422931,0.001043292430707479
5336.185362968923,0.1291595005036652,0.0010203935196941155
5354.024209654601,0.1297440870643249,0.0009919849919865318
5371.922691534604,0.1269487269710936,0.0009597752088888867
5389.88100796915,0.12248018215415427,0.000926441954684318
5407.899358984922,0.1154786725016657,0.0008888244025834609
5425.977945277293,0.10507427020836742,0.0008526976238332071
5444.116968212549,0.10025767966521269,0.0008281156957599837
5462.316629830153,0.10458157912191224,0.0008338629038644524
5480.577132844979,0.12015876458507455,0.0008690584944491438
5498.89868064958,0.13119214042499827,0.0008767517421141537
5517.28147731645,0.13640559788235224,0.0008507881779827564
5535.725727600293,0.13577337470132977,0.0008331713218170337
5554.23163694031,0.13352123004318317,0.0008250206419591698
5572.79941146248,0.137647198185901,0.0008229488539518054
5591.429257981867,0.14354122719354934,0.0008085530596663607
5610.121384004915,0.1435049500134219,0.0007988372647642617
5628.875997731756,0.14295350037246857,0.0007857175278207766
5647.69330805854,0.13893291720319664,0.000763483486584266
5666.573524579752,0.13957660425878238,0.0007490865213264479
5685.516857590555,0.1330701732591621,0.0007276082654053497
5704.523518089128,0.12356198775827099,0.0006993093053297596
5723.593717779009,0.1139774233861422,0.0006737354424060146
5742.727669071467,0.10658400069277094,0.0006487612417470295
5761.925585087854,0.10436310264287987,0.0006412002909507254
5781.187679661996,0.10790353540388933,0.0006371727119039654
5800.5141673425605,0.10947934292457032,0.0006352661074925059
5819.905263395445,0.11672562420142149,0.0006440631635436847
5839.361183806187,0.12038085258375908,0.0006431964303827918
5858.882145282354,0.1263345769495235,0.0006402686156243666
5878.468365255977,0.13064856349187126,0.0006384858319989543
5898.12006188596,0.1279545272410687,0.000639086486793469
5917.837454060502,0.13392561969424202,0.0006396258609713558
5937.620761399551,0.13395451675570938,0.0006298304609672286
5957.470204257241,0.13044835169378016,0.0006123546515621894
5977.386003724353,0.12151462655441048,0.0005897665211364101
5997.368381630775,0.11416694224457584,0.0005661380849411339
6017.417560547961,0.1045628884190748,0.0005426998708236788
6037.533763791432,0.09350933007422305,0.0005137654155276706
6057.717215423248,0.07250835408936393,0.00047480183990930385
6077.968140254503,0.059381017102972763,0.00043887933866451395
6098.286763847838,0.05127836503331566,0.000413471505555717
6118.673312519953,0.04962822436623976,0.0004010403923689692
6139.128013344114,0.05403463885660338,0.00040661966542586447
6159.651094152697,0.06262437088182049,0.00042791400596526295
6180.242783539723,0.07695748390112275,0.0004529146957876189
6200.903310863401,0.08851862243163476,0.00046882093268734793
6221.632906248681,0.09796821328209362,0.00048170201554124817
6242.431800589825,0.10888318964143318,0.0004915844434185176
6263.300225552964,0.11550330869710596,0.0004993120624481288
6284.238413578695,0.12080795213903545,0.0005020320923858853
6305.246597884667,0.12240130016994806,0.000500676704420226
6326.325012468166,0.12258698862243723,0.0004972296383180644
6347.4738921087355,0.12295654463333082,0.0004962391628399259
6368.693472370778,0.12246898895145436,0.0004932538570692348
6389.9839896061985,0.12082732058495374,0.0004820806871400215
6411.345680957023,0.11761246543631251,0.0004783807001339287
6432.7787843580345,0.114602638306112,0.00047010487382864865
6454.283538539437,0.11320339871280169,0.00045673125365676095
6475.860183029508,0.1120589063694753,0.00045032078119438347
6497.508958157264,0.11052412186032284,0.00044574289346494054
6519.230105055148,0.10756775315176217,0.0004423278873256203
6541.023865661702,0.1067698981400246,0.0004389206039655919
6562.890482724266,0.10667832040064207,0.0004333838518333101
6584.830199801685,0.10476109593874375,0.00042563746261841073
6606.843261267024,0.10122207770528233,0.0004172652437003456
6628.929912310285,0.09936431605294808,0.0004118717923892148
6651.0903989411345,0.09809869108532812,0.0004068178503796697
6673.324967991654,0.09667985438788237,0.0004004474887221729
6695.633867119077,0.0961195813439841,0.0003925137840991089
6718.017344808559,0.0921880568643771,0.00038589449485347744
6740.475650375945,0.08975773934977224,0.0003863805021315058
6763.009033970533,0.08931082581478403,0.0003987865815064637
6785.617746577873,0.088299268379073,0.00039238766919699476
6808.302040022556,0.08726066537479443,0.000376244506690842
6831.062166971027,0.08530579563304237,0.0003674344773081702
6853.898380934393,0.08521403508224147,0.0003619950818717444
6876.81093627124,0.08347700358516258,0.00035799432104246983
6899.8000881904845,0.08211792522394729,0.0003525290738987241
6922.866092754194,0.08245605732386294,0.0003498030889249477
6946.0092068804615,0.08291210245760397,0.0003492470839344926
6969.229688346255,0.08160251848777335,0.00034414427670969254
6992.52779579028,0.07982869436666708,0.0003432913462246699
7015.903788715879,0.0792301545667034,0.0003400565108711507
7039.357927493908,0.07815814646732368,0.000334880549675442
7062.890473365647,0.07814377336875244,0.0003365539947977491
7086.501688445705,0.07824762023821841,0.00033912429388967437
7110.191835724931,0.07851585801057172,0.00034190495185638036
7133.961179073358,0.07791181682981425,0.00034416847769318433
7157.809983243131,0.07771842338953676,0.00034674989853927986
7181.738513871466,0.07766571694049675,0.00034512005610751883
7205.747037483605,0.07492110884750278,0.0003382347498900297
7229.835821495773,0.07289124899932452,0.0003326627039872321
7254.005134218174,0.07265906506795061,0.00033092884332312864
7278.255244857964,0.07176044789915488,0.00032813885901349164
7302.586423522268,0.06906482438105188,0.00032159377167282054
7326.998941221176,0.06822616468904234,0.0003151814013623603
7351.493069870756,0.06590271334161295,0.0003124662708094292
7376.069082296098,0.06496398179667567,0.0003118552109522337
7400.727252234339,0.062494976834349396,0.0003070894451697058
7425.467854337722,0.055820960666675745,0.00029294373940378954
7450.291164176657,0.051164165911669536,0.00028544857478802056
7475.197458242774,0.04785885549833086,0.0003508682692253928
7500.187013952019,0.049835526487026556,0.0003745646092363489
7525.260109647734,0.05186409018693171,0.00033051890095451046
7550.4170246037675,0.05236675983131525,0.00029437988516239265
7575.658039027581,0.052605669915025126,0.00029008534087719305
7600.9834340633615,0.05615405679719549,0.00029769971956473853
7626.393491795165,0.05948203311601944,0.00030236093848214307
7651.888495250046,0.06037890563381169,0.0003059934673505648
7677.468728401224,0.06171706875681501,0.00031143633010054857
7703.134476171246,0.06344854300229863,0.00031425628158227525
7728.886024435141,0.06474055378339649,0.0003173800264124282
7754.723660023623,0.06547679851416771,0.0003157731815016271
7780.6476707262755,0.06609795483812203,0.00031825468065627946
7806.658345294771,0.06649465798106147,0.00031744248480466655
7832.755973446074,0.06485555647748037,0.0003127250048829898
7858.940845865665,0.06155047218402891,0.00031082877413060497
7885.213254210794,0.06003899393950171,0.0003082736638381763
7911.573491113709,0.05853796542704931,0.00030312905351342835
7938.021850184939,0.05724529572866788,0.00029580404645076765
7964.558626016547,0.05604179123708534,0.00029047422167948714
7991.184114185413,0.05274662628302684,0.0002879913227893231
8017.898611256533,0.05055520732529691,0.0002854990291397498
8044.702414786312,0.04999837053321063,0.0002841094902085922
8071.595823325894,0.05026712777331554,0.0002831694418690395
8098.57913642448,0.04816446363974307,0.00028063346320975123
8125.652654632648,0.04588295679795898,0.00027430822850030084
8152.81667950573,0.041121631812451785,0.000277927835723154
8180.07151360715,0.03822197555487884,0.00026583365951263807
8207.417460511802,0.03654232291092048,0.00026707501554450636
8234.854824809423,0.035516611761900865,0.00026343233316560385
8262.383912108004,0.03606736731266845,0.00026581097532899547
8290.005029037178,0.03818163307572513,0.00026803677562368955
8317.718483251632,0.036838463008258604,0.00026403785055423176
8345.524583434553,0.0381830324730307,0.0002601984535859821
8373.42363930105,0.040819990417567203,0.0002629070958154531
8401.415961601604,0.04430799623746366,0.00026671682013205446
8429.501862125539,0.04675201808882501,0.0002714253166631233
8457.681653704487,0.04811270704157427,0.0002744198979679059
8485.955650215876,0.049041586337930196,0.00028292347300094264
8514.324166586423,0.049475165792659224,0.0002892436544902695
8542.787518795645,0.04965008874801684,0.0002838089076566514
8571.346023945849,0.048548510888000114,0.00027547277030631675
8600.000000000004,0.04850966006643657,0.00027860372386005527
