wave,flux,sigma
3300.0000000000005,0.0034891639435305757,0.001346962595867105
3311.0318870238752,0.0031172388178414482,0.001326063581368518
3322.1006535769357,0.00322488324439339,0.0012874235109853844
3333.2064229988164,0.002132278660182653,0.001250399861787769
3344.349318964206,0.0016469872786729362,0.0011777737122338516
3355.52946558699,0.0032074875304645718,0.0010999220510284214
3366.7469873959726,0.0005922568461333472,0.0010597010281530514
3378.0020093362546,0.002448677753033987,0.000998960417664224
3389.2946567706267,0.003682339314385827,0.000990054303200207
3400.6250554809667,0.0027502445208379446,0.0009697031389955744
3411.9933316696415,0.003378793500476934,0.0009201270672881115
3423.3996119609133,0.003183433865521692,0.0009132627971549549
3434.844023402349,0.003118780911878007,0.000895067742143262
3446.3266934662315,0.004040384534398743,0.0008596075928499217
3457.847750050986,0.0036825492531478727,0.0008413499352116921
3469.4073214825994,0.0032273492078711812,0.0008319115744200728
3481.0055365160556,0.004250935653454424,0.0008208851344210353
3492.6425243367635,0.002315302986605333,0.0008120489465702561
3504.318414561997,0.0037949436632698282,0.0007837235128276692
3516.033337242342,0.003375871374512044,0.0007745866146901776
3527.7874228631417,0.005720893064957051,0.0007590160350623016
3539.5808023459526,0.004997949741796132,0.0007567315517697055
3551.4136070500026,0.002397868861397654,0.000755438578742228
3563.28596877365,0.003098994791995842,0.0007458266156724521
3575.198019755855,0.004304349076967532,0.0007428848913575443
3587.149892677652,0.005007223253335889,0.0007355696991372804
3599.1417206636297,0.004108134775185488,0.0007125833309589957
3611.173637283412,0.0029390431284086168,0.0006866776070759078
3623.2457765531435,0.003174752661198069,0.0006704893430404679
3635.3582729369846,0.0034201707307918465,0.0006641569212412582
3647.511261348607,0.00542031353744841,0.0006623253812583881
3659.7048771527016,0.005861206197631904,0.0006495787481921587
3671.9392561664827,0.006005597765551746,0.0006285239234734512
3684.2145346612006,0.006523786756396868,0.0006275114419265836
3696.5308493636576,0.005574317380716594,0.0006233095569750843
3708.8883374577335,0.00610481233777542,0.0006241549190283945
3721.2871365859164,0.006535594403065982,0.0006158504949864324
3733.7273848508326,0.004488672592937294,0.0005881044685188175
3746.2092208167815,0.004222660722591784,0.0005667868281743372
3758.7327835112833,0.004088897401980169,0.0005678175614733111
3771.298212426627,0.004303775813846035,0.0005529364581009407
3783.9056475214256,0.0030184020079743372,0.0005251822097182627
3796.555229222173,0.0027671381765194836,0.0005079578614754282
3809.247098424805,0.0036501053984834063,0.0004981748057949082
3821.981396496276,0.002848884411960984,0.0004910257898134592
3834.758265276125,0.004741821001441959,0.000502557195511064
3847.577847078064,0.0053743558178781705,0.0005156023440257425
3860.4402846915605,0.005586444242890927,0.0005226511374613381
3873.3457213834213,0.006921718682009185,0.0005242485799499785
3886.294300899397,0.008097071232968728,0.0005205227378299894
3899.2861674657775,0.009310002165696885,0.0005135556896960482
3912.3214657910025,0.008557489656304082,0.0005163807936876443
3925.4003410672735,0.009909808548382328,0.0005196748884909563
3938.5229389721653,0.010361654141789347,0.0005397753266199747
3951.689405670252,0.012073910500631896,0.0005418863448610875
3964.8998878147377,0.012291332274443935,0.0005405728620751811
3978.154532549086,0.012826329911254132,0.000552628950158482
3991.453487508664,0.01093123953136325,0.0005453392060213221
4004.796900822377,0.0095405398750063,0.0005178976993329467
4018.18492111433,0.009990195465655393,0.0004930035616664963
4031.617697505474,0.010104944053327068,0.00047413837523180253
4045.0953796152735,0.008515754347777783,0.00046234530404727945
4058.618117563371,0.00886169582081145,0.0004739391388523164
4072.1860619712556,0.009665283556201353,0.0004849037778330945
4085.799363963945,0.008785962931978312,0.00047351925382423484
4099.458175171663,0.008004887064885042,0.00045943286729588
4113.162647731542,0.007778248638704726,0.00044311414663998264
4126.912934289301,0.007755123232264601,0.00042969982887434375
4140.709188000954,0.0075343930553645935,0.00042167083431890944
4154.551562534517,0.007335966596953471,0.0004216414084313541
4168.440212071713,0.008300571064776722,0.00042535820357455785
4182.3752913097,0.008347629721386259,0.00042569181920002966
4196.356955462785,0.00870443726665678,0.0004271154068787207
4210.385360264156,0.009141566402459266,0.0004269373587026058
4224.460661967617,0.009715510152305498,0.0004183528722354951
4238.583017349324,0.009394321111509459,0.00040557271145682513
4252.752583709542,0.007706754759708875,0.0003952041479933307
4266.969518874386,0.008109121438039345,0.00038749116364888677
4281.233981197582,0.009184426814254118,0.00039266535558606417
4295.5461295622345,0.010094379127988795,0.0003962600357485251
4309.906123382591,0.009036959138900055,0.0004016779906269629
4324.314122605823,0.010166958032872103,0.00040467514212815474
4338.770287713807,0.009338809621028645,0.00039822367414778047
4353.274779724901,0.009147635689420135,0.0003840726648359117
4367.827760195754,0.007888262280471426,0.000376432830961238
4382.429391223097,0.0066066509755861565,0.0003691275456900598
4397.079835445547,0.006481847970145705,0.0003625951513678071
4411.779256045427,0.006731282842691444,0.00036204065699556136
4426.527816750571,0.006230875727428661,0.0003561628655385812
4441.32568183616,0.00552963400088748,0.0003536624986626105
4456.17301612654,0.00659903231314073,0.00035798919703133647
4471.06998499707,0.007591087066376487,0.0003595274500982049
4486.01675437596,0.0074544927037825445,0.00036238938956517934
4501.013490746111,0.007628088987951724,0.0003643431455121772
4516.060361146975,0.008820394640998331,0.00037166687316188615
4531.157533176423,0.011593516325097931,0.0003829192230296771
4546.3051749926035,0.013393991158212507,0.00039594033939771697
4561.503455315809,0.01581714367794526,0.0004118200648401341
4576.752543430374,0.017581923328365008,0.00041732868838908663
4592.052609186547,0.01774926351867879,0.0004205411525224927
4607.403823002376,0.019131502448204923,0.0004243985164115823
4622.8063558656295,0.01907498362479206,0.0004248847866108962
4638.260379335682,0.01977274363973676,0.00042107403477201124
4653.766065545426,0.016829071601348153,0.0004107594528007382
4669.323587203196,0.014089018483487366,0.00039359887752273194
4684.933117594696,0.012244066908272405,0.0003703626642846383
4700.594830584916,0.009186883026723318,0.00035008613655428036
4716.308900620076,0.00910124842785677,0.0003439516643778486
4732.075502729573,0.00907137839255364,0.00034505452200697516
4747.894812527928,0.008643659396846968,0.00034611016941183363
4763.767006216733,0.00945071380772534,0.0003497946971293301
4779.692260586626,0.010088960399458662,0.00035544291402624253
4795.67075301926,0.010917988061880862,0.0003665048232626267
4811.702661489265,0.01370027219004017,0.0003835914612572455
4827.7881645662455,0.015361027512729154,0.00038911974257925297
4843.927441416762,0.01417272584153054,0.0003814033767010045
4860.120671806329,0.012706611486424739,0.00037530163752389677
4876.368036101411,0.013457900751190934,0.00038178364236909744
4892.669715271444,0.015726480557492803,0.00040197694940654217
4909.025890890844,0.017805319975033845,0.0004284286723655965
4925.436745141022,0.020259656734874662,0.0004620376824892068
4941.902460812428,0.02157989160890435,0.00048793623088010514
4958.423221306581,0.019892741041517437,0.0005029843858881118
4974.999210638101,0.018357048949927877,0.0005255672660464169
4991.630613436779,0.014910007794346604,0.0005489292100267978
5008.317614949616,0.013165378003907973,0.0005626976596410587
5025.060401042893,0.010354046467873811,0.0005790467855428337
5041.8591582042445,0.011159950051074858,0.0005239872059933107
5058.71407354473,0.010611552077613757,0.0004990809366805927
5075.625334800925,0.01009374672758219,0.00048798215484800646
5092.593130337,0.00759691487855612,0.000819140778796242
5109.61764914683,0.00956025959882412,0.0008319223565879336
5126.699080856102,0.008579374137387632,0.0007179770817622481
5143.837615724411,0.009542304735650872,0.000590007727154268
5161.033444647393,0.010485210161987713,0.0005199793098240461
5178.286759158847,0.011397623549747575,0.0004994699313981635
5195.59775143287,0.012228983042273895,0.0004875721150215388
5212.966614285993,0.014908146263992401,0.000495008874792121
5230.393541179339,0.01655093970221171,0.0004910708367212641
5247.878726220767,0.01604075468673348,0.0004705276575657746
5265.4223641670305,0.01778455787696185,0.0004497048281800962
5283.024650425963,0.01884409028425442,0.0004377176623648813
5300.685781058646,0.0204242390162067,0.0004263941913831886
5318.405952781588,0.019810113133773413,0.00040854104285038183
5336.185362968923,0.01893598940694121,0.0003862803513041719
5354.024209654601,0.018659130204052375,0.00036976255497784394
5371.922691534604,0.0193972696055365,0.00036422723605833397
5389.88100796915,0.02128517634976477,0.00036149500425593673
5407.899358984922,0.024176131394027245,0.00036384943443907924
5425.977945277293,0.02696439535244561,0.00037329710570322826
5444.116968212549,0.030837555109933485,0.00038161503664287485
5462.316629830153,0.033619982508132557,0.00038944667784569206
5480.577132844979,0.03659762499689471,0.00039848012263527736
5498.89868064958,0.037967923273482286,0.00042601959691795785
5517.28147731645,0.03930570998027115,0.00041658012642441927
5535.725727600293,0.03819474743285366,0.00038403863724990905
5554.23163694031,0.0378084762499735,0.00037555056519072646
5572.79941146248,0.037534925789278195,0.0003700500612200537
5591.429257981867,0.03666282004698818,0.00035770024654130985
5610.121384004915,0.03457775887621127,0.00034681318518491695
5628.875997731756,0.03150965264744969,0.0003331324847312497
5647.69330805854,0.028539617588165037,0.00031587336522062245
5666.573524579752,0.02607963157347085,0.0003024794066216943
5685.516857590555,0.023872648773853162,0.000288629788516412
5704.523518089128,0.023610406770865712,0.0002792950258926958
5723.593717779009,0.023219988081049026,0.0002768026004482511
5742.727669071467,0.023912245869339297,0.0002747773253247099
5761.925585087854,0.025267792127244185,0.0002782584538230294
5781.187679661996,0.027368786295177867,0.0002813136653766787
5800.5141673425605,0.028365662621765136,0.0002897653547006118
5819.905263395445,0.028295447284472253,0.0002999676666162692
5839.361183806187,0.02714247168608238,0.00028908419322802467
5858.882145282354,0.02712339293050879,0.0002684878603110004
5878.468365255977,0.02515130264608497,0.0002607919147888963
5898.12006188596,0.02292446167865825,0.0002548587049475331
5917.837454060502,0.023152827687578148,0.000250287005343776
5937.620761399551,0.021856312338048675,0.00024177637859612618
5957.470204257241,0.020342172092090487,0.00023094952257112568
5977.386003724353,0.018771762461230065,0.00022214428447946504
5997.368381630775,0.018668831817303957,0.00021723098133792892
6017.417560547961,0.01853134852570257,0.00021475614592935354
6037.533763791432,0.01887047980328998,0.00021289329139458375
6057.717215423248,0.018383626538197143,0.00021096444569068223
6077.968140254503,0.017837212622836038,0.0002079181106332381
6098.286763847838,0.017834193836384172,0.0002028964924781304
6118.673312519953,0.016641567181775306,0.00019386434128822086
6139.128013344114,0.013643173844222352,0.0001850003678586084
6159.651094152697,0.013631182717851706,0.00018482875046893553
6180.242783539723,0.013820754400436437,0.0001846955291088824
6200.903310863401,0.015410251400600395,0.00018658494199912706
6221.632906248681,0.016632727554272565,0.00019683981551178953
6242.431800589825,0.0176136778722847,0.00019440884876153176
6263.300225552964,0.017753947254435617,0.00018711597589228486
6284.238413578695,0.01852691429885847,0.00018867080836607823
6305.246597884667,0.020515861637745447,0.00019172309946288555
6326.325012468166,0.022587005464921824,0.00019493205787175972
6347.4738921087355,0.024515960155973994,0.00019933134990445938
6368.693472370778,0.02675787259334943,0.00020536959166172862
6389.9839896061985,0.02981427112897707,0.00021142630342882944
6411.345680957023,0.032736487250931375,0.0002194738254404043
6432.7787843580345,0.034874631639549646,0.00022330348353769561
6454.283538539437,0.03673113856790346,0.00022323946563028226
6475.860183029508,0.037319750454382565,0.00022386048204645366
6497.508958157264,0.0374885716580137,0.0002229088681394004
6519.230105055148,0.03801034759698867,0.00022190298483807806
6541.023865661702,0.03725739119069347,0.000220245579746011
6562.890482724266,0.03648490452163239,0.0002162366745099015
6584.830199801685,0.03515632390650793,0.00020953940911341474
6606.843261267024,0.031992534597880734,0.00020168420948669336
6628.929912310285,0.029702895832037737,0.00019420780768146406
6651.0903989411345,0.02626410233762387,0.00018477417050679558
6673.324967991654,0.02327912622371475,0.00017480383995758562
6695.633867119077,0.02163240472374415,0.00016708203331124342
6718.017344808559,0.020560773877148858,0.0001632617440399318
6740.475650375945,0.020375743264708698,0.00016583512771607039
6763.009033970533,0.019566522366367238,0.00016717908860239673
6785.617746577873,0.019424167302362478,0.00017146197199922913
6808.302040022556,0.0189971882736367,0.00016972654760369926
6831.062166971027,0.018551940261705438,0.000163138352970882
6853.898380934393,0.018678513812333618,0.00015814280658587248
6876.81093627124,0.018261133573268105,0.0001555778410625981
6899.8000881904845,0.018155178926693893,0.0001525450383555754
6922.866092754194,0.018122197200186582,0.00015048975045530116
6946.0092068804615,0.018535540921867013,0.00015051097694409652
6969.229688346255,0.018305981664106456,0.00014897665077354946
6992.52779579028,0.017796179749067255,0.00014833914697701537
7015.903788715879,0.017331781910111928,0.0001460098599857547
7039.357927493908,0.016741276130104073,0.000143033387489355
7062.890473365647,0.016904016821237156,0.00014267718189173924
7086.501688445705,0.016317099846675155,0.00014384458523296917
7110.191835724931,0.016940897084396292,0.0001456398622989511
7133.961179073358,0.017349908782103775,0.0001505946710403008
7157.809983243131,0.019019945876544292,0.00016128916016882146
7181.738513871466,0.01997699096299455,0.0001631952023417542
7205.747037483605,0.02022708096680499,0.0001624728016139838
7229.835821495773,0.020412225834283614,0.0001607922297443987
7254.005134218174,0.0199373038401199,0.00016070129517152285
7278.255244857964,0.0200120126935079,0.0001584995431676823
7302.586423522268,0.02021042279566526,0.00015627772193189593
7326.998941221176,0.02086458456415848,0.00015436442606872285
7351.493069870756,0.02224274312912028,0.0001560964708424611
7376.069082296098,0.023905495250760724,0.00016266537350670854
7400.727252234339,0.025945932024237235,0.00016643195105067341
7425.467854337722,0.02643547457770086,0.0001681262292159235
7450.291164176657,0.02581611671805519,0.000165802275641614
7475.197458242774,0.022176246326392906,0.00015757471910403845
7500.187013952019,0.018055618785151883,0.00019316866034403959
7525.260109647734,0.01669170752076605,0.00021415951073148156
7550.4170246037675,0.01842662272498637,0.00018442050994168518
7575.658039027581,0.020830394679930038,0.00016449980203601955
7600.9834340633615,0.022863919059946135,0.00016348318691637335
7626.393491795165,0.025943567386762966,0.00017495511160146827
7651.888495250046,0.027979330697779962,0.00017953287911320697
7677.468728401224,0.029128890602625246,0.0001837502853198659
7703.134476171246,0.029966408852861455,0.00018572777438188151
7728.886024435141,0.030991764398384497,0.0001864821516114688
7754.723660023623,0.030179215157446967,0.0001892651215846127
7780.6476707262755,0.028491845243476758,0.00018671864404975225
7806.658345294771,0.02680338764050703,0.00018151264971396277
7832.755973446074,0.025400211732874385,0.00017815059036858114
7858.940845865665,0.023446818176556826,0.00016967316750770274
7885.213254210794,0.02200354663303479,0.00017059640297496526
7911.573491113709,0.020073505450845814,0.00016492547178976203
7938.021850184939,0.018798043656043928,0.00015662622936447624
7964.558626016547,0.018105993341598264,0.00015042160541561375
7991.184114185413,0.017657186487004303,0.00014873630932090717
8017.898611256533,0.017170609966529266,0.00014682978670353883
8044.702414786312,0.017434092573965033,0.00014740866178048737
8071.595823325894,0.01734275716036257,0.00014790627562476157
8098.57913642448,0.01711669200751227,0.00014632174502811533
8125.652654632648,0.015954750935257743,0.0001440196258900276
8152.81667950573,0.014891940872040413,0.00014162316177531264
8180.07151360715,0.011621127782360557,0.00014767203216937278
8207.417460511802,0.007713134425220045,0.00013214930111135175
8234.854824809423,0.006035785944816189,0.00012863218333614013
8262.383912108004,0.005542093503620385,0.00013186105610488616
8290.005029037178,0.007553628154132259,0.00013107604990625184
8317.718483251632,0.008355593089416125,0.00014146193029265967
8345.524583434553,0.008818817723030229,0.000139294602096458
8373.42363930105,0.00909370827559287,0.00013274660726408975
8401.415961601604,0.009910455075625524,0.0001323558992354992
8429.501862125539,0.01239818817840725,0.00013438186142496317
8457.681653704487,0.015087114720532221,0.00014146336309954182
8485.955650215876,0.019398302730852218,0.00015438593222487235
8514.324166586423,0.023883059627979812,0.00017846362772401585
8542.787518795645,0.026205879078039347,0.00019136322048357002
8571.346023945849,0.027312315955708488,0.0001875089254168595
8600.000000000004,0.02812307796971937,0.00017748495444146924
