wave,flux,sigma
3300.0000000000005,0.06774699951741216,0.002964141713576152
3311.0318870238752,0.073133618956957,0.002891711704322185
3322.1006535769357,0.07349959515939826,0.0027944074298075533
3333.2064229988164,0.0722292625425894,0.0027173611275763624
3344.349318964206,0.07213872721499326,0.0026367189199839073
3355.52946558699,0.07396447642200657,0.002601378834597212
3366.7469873959726,0.07409844911109648,0.00257252116049939
3378.0020093362546,0.07935890707432294,0.002506188483992844
3389.2946567706267,0.08604868371122892,0.002559637799162124
3400.6250554809667,0.09454952851187681,0.00256059685226847
3411.9933316696415,0.09316598346206054,0.00251926407987129
3423.3996119609133,0.09481907912964999,0.002500533352924467
3434.844023402349,0.09639437341151463,0.0024525789408938754
3446.3266934662315,0.10298133576807056,0.00236922418309683
3457.847750050986,0.10594431962934629,0.0023871738665152725
3469.4073214825994,0.10729772078258595,0.002456106885986165
3481.0055365160556,0.10663577558166784,0.0024886577059809343
3492.6425243367635,0.12288581305172694,0.002458073699375138
3504.318414561997,0.13900346354874837,0.002450339172625635
3516.033337242342,0.15443947470308694,0.0024640228267834158
3527.7874228631417,0.16503280572780277,0.0024951215997346993
3539.5808023459526,0.16907703334948854,0.002546853147714715
3551.4136070500026,0.17966645538174503,0.0025990116058512733
3563.28596877365,0.18757938757030526,0.002634091254491307
3575.198019755855,0.20045695526399016,0.002625752390685052
3587.149892677652,0.200431744697118,0.00257461400821596
3599.1417206636297,0.18694002346171262,0.0024896102052277985
3611.173637283412,0.17435999047565476,0.0024191516692032814
3623.2457765531435,0.17543035360068698,0.00240102596955928
3635.3582729369846,0.19245696511983268,0.00244464131455813
3647.511261348607,0.2192129849194333,0.0025078540612285412
3659.7048771527016,0.24585942542594186,0.0025463672444033052
3671.9392561664827,0.25864695191582643,0.0025419115464515715
3684.2145346612006,0.25797255074067926,0.0024746402672227107
3696.5308493636576,0.22316028737516358,0.0023775136509303113
3708.8883374577335,0.19498265959629973,0.002269690496354221
3721.2871365859164,0.1776822290581428,0.0021877259053187676
3733.7273848508326,0.17070046793186527,0.002097851096517206
3746.2092208167815,0.17600267699279082,0.0020307623221533936
3758.7327835112833,0.15852705295648883,0.001998327482889655
3771.298212426627,0.13883464465772333,0.0019270031090383017
3783.9056475214256,0.12872874736396983,0.0018662238972045706
3796.555229222173,0.13441349050759643,0.0018710681405942052
3809.247098424805,0.1447997462944693,0.0019079859089830731
3821.981396496276,0.1636699813205149,0.0019462453814659895
3834.758265276125,0.1938478314510116,0.002056312506799814
3847.577847078064,0.22505744219810736,0.0021945332332207377
3860.4402846915605,0.28286329666662846,0.0023251559359426573
3873.3457213834213,0.32278314958334453,0.002458219240362103
3886.294300899397,0.34833915099853574,0.0025657836295525267
3899.2861674657775,0.3668962375676429,0.00268053341825618
3912.3214657910025,0.3954535821800628,0.0027109718396038686
3925.4003410672735,0.4016419702783701,0.002628656585398424
3938.5229389721653,0.3978063534672791,0.0025537428860566516
3951.689405670252,0.3890245377262124,0.002483156896818081
3964.8998878147377,0.3599110573005009,0.0023763846085700677
3978.154532549086,0.32147520407766605,0.0022912999490394387
3991.453487508664,0.28713968604544937,0.002211459599123351
4004.796900822377,0.26454553059877,0.00218265290148792
4018.18492111433,0.2572026321466319,0.0021639298246632576
4031.617697505474,0.26791493185010096,0.0021007420374108453
4045.0953796152735,0.2685537416668492,0.002060389597637797
4058.618117563371,0.2702376462062075,0.002063880510593062
4072.1860619712556,0.2703726986757484,0.0020543697633336497
4085.799363963945,0.264960476789993,0.00200291856542902
4099.458175171663,0.2606749810720985,0.0019660298418032155
4113.162647731542,0.2674906710800292,0.0019606761232375996
4126.912934289301,0.26895557535596376,0.0019760115879475793
4140.709188000954,0.27959099470940346,0.002008923134984794
4154.551562534517,0.2963166949938367,0.0020638320015803797
4168.440212071713,0.30648928448480883,0.002086990899729667
4182.3752913097,0.30248043293699317,0.0020836251720998166
4196.356955462785,0.30093809298303964,0.0020647724928269462
4210.385360264156,0.29505948748540345,0.00204308078261339
4224.460661967617,0.29473211155582263,0.002013165236071214
4238.583017349324,0.2865579970264649,0.0019745798178797485
4252.752583709542,0.2768024162014835,0.001927285682644086
4266.969518874386,0.2651419315456862,0.0018903176581357424
4281.233981197582,0.2660160972839478,0.0018710490626105535
4295.5461295622345,0.26337324693303954,0.0018507715471886412
4309.906123382591,0.2505586207227475,0.001830421830287629
4324.314122605823,0.23317830950246773,0.0017940873632473495
4338.770287713807,0.21403937495859598,0.0017156743528882645
4353.274779724901,0.1942387641886028,0.0016281814044076849
4367.827760195754,0.17400401147107147,0.0015765564767998752
4382.429391223097,0.1608012745340145,0.0015385253786432648
4397.079835445547,0.15586225638516843,0.0014930638569527947
4411.779256045427,0.15411400593248345,0.001492904003833612
4426.527816750571,0.1663099097139153,0.0015238976176068638
4441.32568183616,0.1813619883647602,0.0015640933554267984
4456.17301612654,0.20567112348972144,0.0016356077655139357
4471.06998499707,0.22174463933612967,0.001686365865752937
4486.01675437596,0.24200555113980468,0.0017418404072501513
4501.013490746111,0.26465354679087205,0.001797844214767614
4516.060361146975,0.29038114533842646,0.0018625467064980296
4531.157533176423,0.3257133673691544,0.0019392757139882724
4546.3051749926035,0.3622828913259453,0.0019835486204471202
4561.503455315809,0.36636027868474563,0.002030540850190876
4576.752543430374,0.3851361545582759,0.0020504169830057083
4592.052609186547,0.40187105999992384,0.002077645888479512
4607.403823002376,0.4035767389924485,0.0020851668395128263
4622.8063558656295,0.38322002100086894,0.002024016645472632
4638.260379335682,0.35096503970987947,0.0019404415241376044
4653.766065545426,0.31418701526995346,0.0018788548095888954
4669.323587203196,0.28273972215017573,0.0018058219212226821
4684.933117594696,0.2656766048457764,0.0017326594717744735
4700.594830584916,0.24903201248668452,0.001668619802584026
4716.308900620076,0.21170557152693625,0.001576979385195519
4732.075502729573,0.180553308170814,0.0014884882922779879
4747.894812527928,0.15937705200832325,0.0014396803402445728
4763.767006216733,0.1588938232475155,0.001450775883823594
4779.692260586626,0.1755753999508453,0.0015011055555286521
4795.67075301926,0.17770286203610652,0.001525224691167736
4811.702661489265,0.16466549116980714,0.0015127226971382917
4827.7881645662455,0.1537370199875704,0.0015034315014151058
4843.927441416762,0.14600396890232653,0.0015259807504421725
4860.120671806329,0.15801510270359986,0.0016163725202732024
4876.368036101411,0.17478010866094656,0.0017686292018549716
4892.669715271444,0.19756770080347474,0.001958737382151993
4909.025890890844,0.22237547100433686,0.002161169828642179
4925.436745141022,0.22542495817012953,0.0023021797361837248
4941.902460812428,0.21138409441781325,0.00229924610524384
4958.423221306581,0.18908572741770757,0.002176746087571147
4974.999210638101,0.16760877281362568,0.0020673399837785596
4991.630613436779,0.1556285630336225,0.001791841972148595
5008.317614949616,0.1541021474442899,0.001727517132651977
5025.060401042893,0.15362953391270454,0.0017485248850865915
5041.8591582042445,0.16363715699897713,0.0026305531371432793
5058.71407354473,0.17970604283314112,0.0023717640802094187
5075.625334800925,0.17485775571455098,0.002120349983162898
5092.593130337,0.18684239490267585,0.0019940287297429498
5109.61764914683,0.18426295165395437,0.0019728866416419927
5126.699080856102,0.19727364837977854,0.0019783038925099664
5143.837615724411,0.2178121250503922,0.0019829700745008275
5161.033444647393,0.24068021540090134,0.0019970748494922462
5178.286759158847,0.2675897297585189,0.001971857147170368
5195.59775143287,0.2827256985229966,0.0019056552231266168
5212.966614285993,0.29220974248019294,0.001870263701595988
5230.393541179339,0.29642738585818806,0.0018136338158243465
5247.878726220767,0.2941071596718463,0.0017337427079266066
5265.4223641670305,0.28707437710646677,0.0016644608221879195
5283.024650425963,0.2759883717990805,0.0016143073725870007
5300.685781058646,0.27165103966916226,0.0015691902116396917
5318.405952781588,0.26399082322202466,0.0015074485181403563
5336.185362968923,0.2538883964297612,0.0014449192888726704
5354.024209654601,0.24987068125253445,0.0013907150996283952
5371.922691534604,0.23943595452329436,0.0013446142308727173
5389.88100796915,0.23099738548733412,0.0012999438030413613
5407.899358984922,0.22281568176356492,0.0012652178560011113
5425.977945277293,0.21903273094555287,0.001234517253980853
5444.116968212549,0.21035011449658886,0.0012743513674093483
5462.316629830153,0.20582010475915025,0.001245682674491884
5480.577132844979,0.19679242564712485,0.001155760614744018
5498.89868064958,0.19225087071351535,0.0011113232673133848
5517.28147731645,0.18171497043036794,0.0010608745014076687
5535.725727600293,0.1769155345602596,0.0010158639382191997
5554.23163694031,0.16315382741480988,0.0009825474216226414
5572.79941146248,0.15567139512751807,0.0009471516330056064
5591.429257981867,0.14394495553514344,0.0009002823114750908
5610.121384004915,0.1356104819607551,0.0008656932631414707
5628.875997731756,0.12819319871124202,0.0008346937821171395
5647.69330805854,0.12016489531900214,0.0007990454976769179
5666.573524579752,0.11475753164193932,0.0007789706456910512
5685.516857590555,0.11087756338437821,0.0007590597959491201
5704.523518089128,0.10812739605273415,0.0007491776092547211
5723.593717779009,0.11453896080689385,0.000757755558333159
5742.727669071467,0.12682760199687254,0.0007803474317887594
5761.925585087854,0.14068877532688084,0.0008187280393744138
5781.187679661996,0.16337245619948382,0.0008451947946095822
5800.5141673425605,0.18448330996002418,0.0008712364562357662
5819.905263395445,0.20459795901431127,0.0009047880670415344
5839.361183806187,0.21752181755619432,0.0009143390698385745
5858.882145282354,0.22506152657049955,0.000910805659535547
5878.468365255977,0.22685113374158433,0.0009013098605177473
5898.12006188596,0.21555367563077182,0.0008845496244265545
5917.837454060502,0.20592609930131783,0.0008619346288615955
5937.620761399551,0.19537861106400223,0.0008286052204487523
5957.470204257241,0.1832032318102365,0.0007937203762152405
5977.386003724353,0.16906983143635856,0.0007606274768847663
5997.368381630775,0.15934653328131632,0.0007345587562554616
6017.417560547961,0.15181299035549906,0.0007157607175465719
6037.533763791432,0.14821993694085842,0.0007024737454016494
6057.717215423248,0.14012958644444234,0.0006775427820759607
6077.968140254503,0.11101149817681197,0.0006194794715180422
6098.286763847838,0.0825029728494117,0.0005497196174280137
6118.673312519953,0.0680425285102648,0.0004984796447889214
6139.128013344114,0.06228771213785186,0.00048311939567961495
6159.651094152697,0.06841380594433741,0.0005099054799829992
6180.242783539723,0.08827152434510889,0.0005401325893435785
6200.903310863401,0.10501007360166587,0.0005625178591950874
6221.632906248681,0.12111376861820111,0.0005906573568992705
6242.431800589825,0.12118168849806746,0.0005953016932497439
6263.300225552964,0.12838098317453572,0.0005931963205250859
6284.238413578695,0.12977898162030427,0.000593427840476555
6305.246597884667,0.13010056472550108,0.0005903308619919101
6326.325012468166,0.12763313969450302,0.000584538782073129
6347.4738921087355,0.12639857739598132,0.0005801167250474031
6368.693472370778,0.12497546063098808,0.0005739008354669693
6389.9839896061985,0.12557176872759335,0.0005627599924801687
6411.345680957023,0.12632926189316102,0.0005668000153821908
6432.7787843580345,0.12484183704323429,0.0005609885256904851
6454.283538539437,0.12586083787622515,0.0005467782033966637
6475.860183029508,0.12473231631477366,0.0005409051036935408
6497.508958157264,0.12433575460092684,0.0005384638651259079
6519.230105055148,0.12306687330594704,0.0005363505920523352
6541.023865661702,0.1206359179069762,0.000530876668659014
6562.890482724266,0.11668584394052235,0.0005201990038997132
6584.830199801685,0.1080810952865491,0.0004997911505444055
6606.843261267024,0.0995793583979736,0.0004781233335714432
6628.929912310285,0.09317684563925652,0.0004621623735348186
6651.0903989411345,0.08708208693742428,0.00044813735577651993
6673.324967991654,0.0797408090452233,0.00043611140431421946
6695.633867119077,0.07445531838231495,0.0004259483976275613
6718.017344808559,0.07085724097892762,0.000427917826948769
6740.475650375945,0.06573137140549742,0.00041523291683448645
6763.009033970533,0.06340709828069184,0.000398952688096874
6785.617746577873,0.0630921630813435,0.0003882955450188132
6808.302040022556,0.06190689107416479,0.0003791682823164114
6831.062166971027,0.0610472783917711,0.0003743533433087157
6853.898380934393,0.06041153871143014,0.00036744506846263204
6876.81093627124,0.05943227715781524,0.00036551644188936736
6899.8000881904845,0.05997954633062543,0.0003642172366505069
6922.866092754194,0.05760508615057254,0.00035818511259224354
6946.0092068804615,0.05706018557511124,0.00035398698092419396
6969.229688346255,0.05640671956284678,0.0003494072314152549
6992.52779579028,0.054858241436233184,0.000349631812564708
7015.903788715879,0.053603516873878904,0.0003491523757430437
7039.357927493908,0.05352097079447441,0.00034422156615403085
7062.890473365647,0.0529629681613777,0.00034960074990688365
7086.501688445705,0.052087098875719814,0.00036315409688854116
7110.191835724931,0.05184758811274612,0.00036263384025204596
7133.961179073358,0.051347998365460695,0.0003553733971288816
7157.809983243131,0.04941789162055085,0.0003471482212069868
7181.738513871466,0.048678768432920835,0.0003434533352816255
7205.747037483605,0.04910051589294977,0.00033854570295632525
7229.835821495773,0.0489346518199481,0.0003339938764501873
7254.005134218174,0.04915882039190642,0.0003310800368207593
7278.255244857964,0.04734155089803169,0.00032635291849457073
7302.586423522268,0.046299233107485564,0.00032298570857391387
7326.998941221176,0.04456949130423789,0.00031561497562994687
7351.493069870756,0.0434162725012354,0.0003126394491590573
7376.069082296098,0.04089107495620045,0.0003100462966631286
7400.727252234339,0.03957356667796437,0.00030410055724240203
7425.467854337722,0.03589046416296279,0.00037139375807676616
7450.291164176657,0.03458820428410799,0.00039858010521296323
7475.197458242774,0.032987725099771145,0.00033980982148253396
7500.187013952019,0.032974317699145994,0.00029528984266702477
7525.260109647734,0.03350201520773458,0.0002947613227162459
7550.4170246037675,0.033444171873129695,0.0003053144604624642
7575.658039027581,0.03270695830820093,0.0003033705066141155
7600.9834340633615,0.032649840815660566,0.00030115569797002433
7626.393491795165,0.03106494299577447,0.00029857707361205765
7651.888495250046,0.03186468761434584,0.0002998506940974104
7677.468728401224,0.03170103536171681,0.0003082061691242231
7703.134476171246,0.032699679927235055,0.0003092251521618538
7728.886024435141,0.03363329170861441,0.00031007714223635834
7754.723660023623,0.03403741741425646,0.00031016243790886596
7780.6476707262755,0.03584192076121774,0.0003051552765981224
7806.658345294771,0.03657866034446623,0.0003146263309990888
7832.755973446074,0.03796166511665823,0.00031444172451052145
7858.940845865665,0.037557363609567816,0.0003092434495427489
7885.213254210794,0.03770788934468822,0.00030538869814335316
7911.573491113709,0.03698931653047074,0.0003010752127261906
7938.021850184939,0.03562042282988724,0.0002940158617117775
7964.558626016547,0.03503525959836057,0.00029317299633328537
7991.184114185413,0.034450682611562596,0.0002938384701002855
8017.898611256533,0.03272601132664469,0.0002883075022399039
8044.702414786312,0.031225547549416796,0.0002821800402694197
8071.595823325894,0.03062641379810034,0.0002796843461575316
8098.57913642448,0.027996486867171877,0.00030624598517321684
8125.652654632648,0.02407659959349191,0.0002860833473489292
8152.81667950573,0.019816129878048067,0.0002802092331861394
8180.07151360715,0.015364170016287386,0.0002658300891535324
8207.417460511802,0.014298515797579459,0.00025290274715045804
8234.854824809423,0.014664312527633996,0.0002677049623418761
8262.383912108004,0.01525516535003503,0.00026700141387365193
8290.005029037178,0.01678741002609877,0.00025333813690458894
8317.718483251632,0.017000857722080806,0.00024750966359201974
8345.524583434553,0.017534733193666933,0.00024026579478299176
8373.42363930105,0.021007938498353848,0.00025129067833793887
8401.415961601604,0.028143799458649935,0.00027503822267526583
8429.501862125539,0.036954887451434895,0.0003303831161660049
8457.681653704487,0.04354767266981033,0.0003651759133431857
8485.955650215876,0.04764862958407782,0.0003598295143253653
8514.324166586423,0.050492444583241224,0.00034041601115911445
8542.787518795645,0.0538017441013519,0.0003494736194801548
8571.346023945849,0.05839303472754816,0.00040258464744097284
8600.000000000004,0.05963909332271704,0.00038521347034236756
