wave,flux,sigma
3300.0000000000005,0.0001828967662288338,0.0031903161089053495
3311.0318870238752,0.006365217183662217,0.0030988181070202127
3322.1006535769357,-0.004715969553250363,0.0030009977568188385
3333.2064229988164,-0.001097355146239928,0.002973548968619077
3344.349318964206,-0.001585811516696764,0.0028879066425908117
3355.52946558699,-0.0013247673984594073,0.0028312294030766816
3366.7469873959726,0.003444678038122516,0.0027336297270844656
3378.0020093362546,0.007231759587051825,0.002586227105513175
3389.2946567706267,0.007416394849227593,0.0025844002166651647
3400.6250554809667,0.009124604388296133,0.0025145117972750516
3411.9933316696415,0.010856183923458888,0.0024356646357334816
3423.3996119609133,0.009725805083868812,0.0024481928961190332
3434.844023402349,0.010319655846365449,0.0024131202488215753
3446.3266934662315,0.006941161392498423,0.002335700760206031
3457.847750050986,0.011353925610130555,0.0023173584576811224
3469.4073214825994,0.01253050702210526,0.0023482572375237987
3481.0055365160556,0.013340479731269375,0.0023531006821675975
3492.6425243367635,0.008554615694552962,0.002313253964860676
3504.318414561997,0.012888004779753456,0.0021577739344810745
3516.033337242342,0.014271532969195588,0.0020418542632037917
3527.7874228631417,0.017052894259974766,0.0020687007526367413
3539.5808023459526,0.01650413735105314,0.0020721392491053502
3551.4136070500026,0.01769138210146911,0.002141759179269577
3563.28596877365,0.019192033880149735,0.002121740251506692
3575.198019755855,0.019221010948183688,0.0021234286265116873
3587.149892677652,0.01800211456488672,0.0021293456766854507
3599.1417206636297,0.02105569641929159,0.002126699665546113
3611.173637283412,0.02022393040323684,0.0021182532991254484
3623.2457765531435,0.0174052139837513,0.0020658301589220867
3635.3582729369846,0.02022993503157708,0.0019865502495131776
3647.511261348607,0.020024484825749547,0.0019623857454691023
3659.7048771527016,0.02494481966982111,0.0018648831837172668
3671.9392561664827,0.028531375096080232,0.0017938369358008804
3684.2145346612006,0.03350453510423042,0.0017637945350763788
3696.5308493636576,0.034176232087710444,0.0017848419927212898
3708.8883374577335,0.03182319465905667,0.0018744498313713026
3721.2871365859164,0.029462097667163793,0.0018537623293398433
3733.7273848508326,0.02663144282545956,0.0017978624225836143
3746.2092208167815,0.028026310332461765,0.0016891814590686174
3758.7327835112833,0.026000134737850157,0.0016200015832750398
3771.298212426627,0.020475092229399063,0.0015225493418460556
3783.9056475214256,0.018016398569985565,0.0014745136211103554
3796.555229222173,0.0187103711897102,0.001508329899334385
3809.247098424805,0.01684530079568511,0.0014757960927557683
3821.981396496276,0.017057336587609433,0.0014765825050253242
3834.758265276125,0.022410937523864246,0.0015467904241038247
3847.577847078064,0.028381069444613178,0.0015920090610948962
3860.4402846915605,0.029397869875635394,0.0014930630144670215
3873.3457213834213,0.03726471826320241,0.001463532869683008
3886.294300899397,0.03768900592064878,0.001490347961062101
3899.2861674657775,0.04264266860500022,0.0014956618278862922
3912.3214657910025,0.04686587196662695,0.0015483092509232356
3925.4003410672735,0.04887346881464642,0.001668906172747005
3938.5229389721653,0.051761309692835045,0.0017352451344633283
3951.689405670252,0.05562840670637989,0.001738177786612932
3964.8998878147377,0.05974163463947619,0.001722752685869335
3978.154532549086,0.05526054451573479,0.001724413552960785
3991.453487508664,0.05094368444920568,0.0016730673221515542
4004.796900822377,0.04817706189187751,0.0016227160521091457
4018.18492111433,0.04571932649448929,0.0015859095517071465
4031.617697505474,0.04219593235464378,0.0015365765820161154
4045.0953796152735,0.04302385706844997,0.0015214260411269109
4058.618117563371,0.04571033175492953,0.001574148070632855
4072.1860619712556,0.0470687134990865,0.0015833008564482343
4085.799363963945,0.03954332968706967,0.0015516729272067287
4099.458175171663,0.03780592084706226,0.0014843927203090474
4113.162647731542,0.03700036088985902,0.0014372371440218858
4126.912934289301,0.03633653829700194,0.0014077769199250941
4140.709188000954,0.03811524020723969,0.0014034526923044886
4154.551562534517,0.03721827730866494,0.0013975142743394508
4168.440212071713,0.03533209208736584,0.0013804928074180533
4182.3752913097,0.03958598589219599,0.001382172415228066
4196.356955462785,0.04059168586821453,0.0013625521917599711
4210.385360264156,0.04037405800508754,0.0013387265647394452
4224.460661967617,0.04216865474703399,0.0012763569639529285
4238.583017349324,0.037489850841012536,0.0012486667122518305
4252.752583709542,0.040237921904307576,0.0012678218829305244
4266.969518874386,0.04236111870838873,0.0012814936023678
4281.233981197582,0.046102427175093,0.001288079108795875
4295.5461295622345,0.049584715217388706,0.0013101993010397072
4309.906123382591,0.050934473028708405,0.001311181361920812
4324.314122605823,0.05059687225309187,0.0013052386036523451
4338.770287713807,0.04613339857396304,0.0012936029261518356
4353.274779724901,0.04072414858288345,0.001263232334742642
4367.827760195754,0.037639073837508454,0.0012586338626119314
4382.429391223097,0.03278719714150774,0.0012378355056996125
4397.079835445547,0.0314578133996561,0.001214205393085322
4411.779256045427,0.029450017269514864,0.0012195383328304486
4426.527816750571,0.027695001536714278,0.001217242959032896
4441.32568183616,0.02857751201872799,0.0012028234650990335
4456.17301612654,0.03165397022687831,0.00119758630900051
4471.06998499707,0.032372836855599864,0.001187331853874594
4486.01675437596,0.036043113991639064,0.0012092085527953991
4501.013490746111,0.041684370739425144,0.0012213757176821746
4516.060361146975,0.04657828012937246,0.001220204062777682
4531.157533176423,0.055690842618274054,0.0012488730584877842
4546.3051749926035,0.0730605082231059,0.0012858111296499503
4561.503455315809,0.08843009754165553,0.0013271838445884608
4576.752543430374,0.09650356186268418,0.001331392666497473
4592.052609186547,0.09654988715551566,0.0013180363243293605
4607.403823002376,0.09335696975178573,0.0013226092852920977
4622.8063558656295,0.10670742439440178,0.0013296899614027016
4638.260379335682,0.11499744183946929,0.0013335184281226325
4653.766065545426,0.10270109412470872,0.0013202010945102174
4669.323587203196,0.08225499449335133,0.0012616568706641925
4684.933117594696,0.06161921724897414,0.0011862300078794865
4700.594830584916,0.054635603296427006,0.0011387896671117797
4716.308900620076,0.04788961067335725,0.001119471146405176
4732.075502729573,0.043447234917137124,0.0011078966512346718
4747.894812527928,0.04301447868786559,0.0010951576206063927
4763.767006216733,0.041221907283997196,0.001089949664477112
4779.692260586626,0.047859304763583924,0.0010874332666902348
4795.67075301926,0.0565845509023933,0.001117261100486009
4811.702661489265,0.06873132868337709,0.001163626191557332
4827.7881645662455,0.06533347492266203,0.0011563822805354508
4843.927441416762,0.0564343280209491,0.0011229371350420536
4860.120671806329,0.05375592235362761,0.0011172168699425942
4876.368036101411,0.06233142751507671,0.0011449346931009874
4892.669715271444,0.07351380038328413,0.001192093529289052
4909.025890890844,0.08508542727831839,0.0012597211004094601
4925.436745141022,0.09859235492344534,0.0013480134259158175
4941.902460812428,0.10352883926799972,0.0014182321716370888
4958.423221306581,0.09682489276166614,0.0014535914730120024
4974.999210638101,0.0769299224770098,0.0014899934355322398
4991.630613436779,0.0650991579379539,0.001523809805277144
5008.317614949616,0.05557860390179626,0.0015470649514384145
5025.060401042893,0.05387449008225277,0.0013810427961338534
5041.8591582042445,0.05012927875139061,0.001352798067545282
5058.71407354473,0.049164735129184865,0.001305603509768884
5075.625334800925,0.048356883665466824,0.0023091568762112864
5092.593130337,0.04536374225684726,0.002232040761326103
5109.61764914683,0.04368251282193513,0.0019799491977199723
5126.699080856102,0.04271751267483753,0.0017095120175886786
5143.837615724411,0.0417580428283948,0.0014718195758712165
5161.033444647393,0.04501495169042605,0.0013733937028547086
5178.286759158847,0.04876574412639247,0.0013460298963864454
5195.59775143287,0.05631085845212849,0.0013283563061538687
5212.966614285993,0.06342913516595727,0.0013534391268533084
5230.393541179339,0.0729302736129126,0.0013336472878030606
5247.878726220767,0.07770013559888062,0.0012748714355507486
5265.4223641670305,0.08193341554146813,0.0012296561201566225
5283.024650425963,0.09064272907058928,0.0012079659806356461
5300.685781058646,0.10267802702798104,0.0011862758496415295
5318.405952781588,0.10156324476866221,0.0011438626703750973
5336.185362968923,0.09526161184425784,0.0010820946515193973
5354.024209654601,0.08650067505975961,0.0010357427607296016
5371.922691534604,0.08940350056009017,0.0010076253059806116
5389.88100796915,0.09738065001570875,0.0010056666443428613
5407.899358984922,0.11420327744269433,0.001016000057207564
5425.977945277293,0.1277756203813002,0.0010281182295097228
5444.116968212549,0.13634619462930417,0.001033342795388527
5462.316629830153,0.1388474840952362,0.001029613834258566
5480.577132844979,0.1394123848531419,0.0010487764390696794
5498.89868064958,0.13993947306029045,0.001025132073966255
5517.28147731645,0.13320279988767478,0.0009615555155023759
5535.725727600293,0.1318643417951811,0.0009318993632588601
5554.23163694031,0.1270821773628383,0.0009114829824754358
5572.79941146248,0.11920493806450884,0.0008865934493023054
5591.429257981867,0.11474510521953526,0.0008496181237319209
5610.121384004915,0.10569165753667475,0.0008186068768819913
5628.875997731756,0.0967566161182388,0.0007897834958109142
5647.69330805854,0.08905089144284867,0.0007534917363625648
5666.573524579752,0.08058032508421006,0.0007233440404180457
5685.516857590555,0.07507037447305126,0.0006951764612657951
5704.523518089128,0.07032910932586188,0.0006748450093925931
5723.593717779009,0.0673945702568818,0.0006631689782715407
5742.727669071467,0.07244121335322733,0.0006582987927225922
5761.925585087854,0.07926463071919612,0.0006692939164448283
5781.187679661996,0.08795713229098027,0.0006744198985572263
5800.5141673425605,0.08864910571931003,0.0006755703111869022
5819.905263395445,0.09664711622245159,0.0006864833605951306
5839.361183806187,0.10876559935784103,0.000693181198835163
5858.882145282354,0.11518796517765309,0.0006912281942848594
5878.468365255977,0.11487092615557981,0.0006816372252140406
5898.12006188596,0.10690377122322614,0.0006680570883038243
5917.837454060502,0.10015597077454799,0.0006476006839901725
5937.620761399551,0.08661874237898123,0.0006152014111029647
5957.470204257241,0.07568708558091475,0.0005784474952135803
5977.386003724353,0.0670657830361576,0.0005526420603183768
5997.368381630775,0.06986779339480036,0.0005452988340617927
6017.417560547961,0.07107193952311722,0.0005388697179122935
6037.533763791432,0.06610007124498779,0.0005256543680523166
6057.717215423248,0.06071164287440244,0.0005143739333740512
6077.968140254503,0.06389565169566086,0.0005118981388993473
6098.286763847838,0.06350429527942235,0.0005026772695374423
6118.673312519953,0.05605305560224416,0.00047840091100519866
6139.128013344114,0.04809335224681223,0.0004562424353456286
6159.651094152697,0.04490095013298821,0.000450639802913537
6180.242783539723,0.04927505356414043,0.0004543630737502465
6200.903310863401,0.05378773900282207,0.000455428308882254
6221.632906248681,0.0546716775948347,0.00045272063683320226
6242.431800589825,0.05541324851896703,0.00044452138759265846
6263.300225552964,0.057135183254589134,0.0004434245476512114
6284.238413578695,0.06289430426167575,0.00044810329298299083
6305.246597884667,0.06835285451674829,0.00045434798289582725
6326.325012468166,0.0742641031309543,0.00046347095100878404
6347.4738921087355,0.08554058890338691,0.00047888991445198297
6368.693472370778,0.09659752654599457,0.0004948086611110548
6389.9839896061985,0.10652231594377484,0.0005025298735710558
6411.345680957023,0.11059984508344499,0.0005110725140516914
6432.7787843580345,0.11478981544195495,0.0005125650007433046
6454.283538539437,0.11820518614365831,0.0005053079266032672
6475.860183029508,0.1199064554992422,0.0005030923588350687
6497.508958157264,0.12093562059461928,0.0005042140636906799
6519.230105055148,0.12119535918729299,0.0005034807121715609
6541.023865661702,0.11757103303252783,0.0004966950551059157
6562.890482724266,0.11283940624719929,0.00048363888407363114
6584.830199801685,0.10639722321591144,0.00046787921075769806
6606.843261267024,0.09632527591607438,0.00044831716471940467
6628.929912310285,0.0858546063787907,0.0004292841126682306
6651.0903989411345,0.07793719559746719,0.0004126065128559183
6673.324967991654,0.07178913496253839,0.00039582998607903564
6695.633867119077,0.0656491430012609,0.0003808650280602646
6718.017344808559,0.0623128611741971,0.00037203163394443616
6740.475650375945,0.05768827651064379,0.00036873178875387446
6763.009033970533,0.05520601764422728,0.00037485597075142006
6785.617746577873,0.052268697528173355,0.0003634321151845536
6808.302040022556,0.049787535147690916,0.00034622955894117994
6831.062166971027,0.0488059998670453,0.00033807469146925745
6853.898380934393,0.04775007124512715,0.00033185967847275963
6876.81093627124,0.048286162251258744,0.000329954108495914
6899.8000881904845,0.048762968481727634,0.00032650852228724545
6922.866092754194,0.0481001544874797,0.00032181560128490564
6946.0092068804615,0.04652524938501386,0.0003185088051958888
6969.229688346255,0.04482021852669911,0.00031160953043970596
6992.52779579028,0.04308395329800262,0.0003084543884631479
7015.903788715879,0.042289555344951574,0.00030608408028702153
7039.357927493908,0.04297338574186439,0.00030277369104979204
7062.890473365647,0.04202006156683034,0.00030361726313715915
7086.501688445705,0.0423916493432994,0.0003060631030687042
7110.191835724931,0.04402703852559306,0.0003136937284503159
7133.961179073358,0.04771646435546201,0.0003238255767916248
7157.809983243131,0.051915672796290446,0.0003304681078321672
7181.738513871466,0.05314343476624268,0.00032946905757462707
7205.747037483605,0.051548435130256066,0.0003235662629745658
7229.835821495773,0.05005214933846237,0.00031901584781038626
7254.005134218174,0.05097534484779489,0.0003185463115599934
7278.255244857964,0.05355994820768127,0.0003195161042574103
7302.586423522268,0.0532402134963902,0.00031733834414736064
7326.998941221176,0.05621545422884383,0.0003181332954994362
7351.493069870756,0.05871862384051601,0.000323395710368849
7376.069082296098,0.059844042390482494,0.00032726046490481734
7400.727252234339,0.06007886037688552,0.0003276627450283147
7425.467854337722,0.059060733903668824,0.00032289837319807223
7450.291164176657,0.05549767074301094,0.0003181218910559288
7475.197458242774,0.04903159027778475,0.0003794089214627577
7500.187013952019,0.046060896758773465,0.0003951235118452748
7525.260109647734,0.04651319684826346,0.00034635731017819903
7550.4170246037675,0.050621671109929274,0.00031288838456458866
7575.658039027581,0.051041553064989496,0.00031152509641469117
7600.9834340633615,0.05421622665126957,0.00031840844271699566
7626.393491795165,0.05710320001493706,0.0003200154805508116
7651.888495250046,0.058913432845252155,0.0003242400990962299
7677.468728401224,0.05893189913582479,0.0003286931310514167
7703.134476171246,0.057285631378581975,0.00032606780807428726
7728.886024435141,0.05741638243345935,0.0003271548559089796
7754.723660023623,0.055554495206552354,0.00032120492406286703
7780.6476707262755,0.053781938897995624,0.00031905336876771387
7806.658345294771,0.0524136301795121,0.0003144035640685618
7832.755973446074,0.0509926349307663,0.0003092618798732487
7858.940845865665,0.05089575225117869,0.00031078270306586
7885.213254210794,0.048264262757488,0.00030728080957422054
7911.573491113709,0.046234858384018335,0.00029879311733951495
7938.021850184939,0.04372243703992541,0.0002883738278334546
7964.558626016547,0.04108598863844412,0.0002796328772519059
7991.184114185413,0.03817191479684044,0.0002772635666478777
8017.898611256533,0.03726299486247537,0.0002764875756393795
8044.702414786312,0.036234334252716494,0.00027415564348460246
8071.595823325894,0.03632128683676997,0.0002722388175195074
8098.57913642448,0.03565663993670899,0.0002717342283002772
8125.652654632648,0.03504095224112251,0.0002704041035821977
8152.81667950573,0.03212246740430162,0.00027950451397502435
8180.07151360715,0.024523809337251658,0.0002547340735389309
8207.417460511802,0.017021556659248017,0.0002417064512453874
8234.854824809423,0.013034588538828992,0.00022813582959160616
8262.383912108004,0.013612860189206988,0.00022920401559908696
8290.005029037178,0.01750997685154243,0.00023953160403896093
8317.718483251632,0.018524180531048387,0.00024039884408016314
8345.524583434553,0.018087237637272987,0.0002317237481046094
8373.42363930105,0.018654028976679563,0.00022755975704310985
8401.415961601604,0.021349534676395377,0.00022915615251751305
8429.501862125539,0.026944340389289778,0.00024305995513165558
8457.681653704487,0.0343585060308494,0.00026260798697831075
8485.955650215876,0.04323800957366718,0.00029282995659087784
8514.324166586423,0.04964843262037922,0.0003129447627676291
8542.787518795645,0.05379603103844788,0.00031273323924474943
8571.346023945849,0.05615963333321309,0.0003062578119016018
8600.000000000004,0.06058493975425531,0.0003182362594902679
