wave,flux,sigma
3300.0000000000005,0.017667694660330493,0.006765934111954155
3311.0318870238752,0.011231951839248463,0.006527014196897292
3322.1006535769357,0.022468956768804983,0.006361263265959616
3333.2064229988164,0.014451649564177365,0.006124938659173102
3344.349318964206,-0.007556845731171926,0.005850932070906343
3355.52946558699,-0.00579210433056513,0.005748771960912827
3366.7469873959726,0.00561695940934627,0.005731001265191908
3378.0020093362546,0.008935402492106717,0.005593919835046433
3389.2946567706267,-0.00021145230856568114,0.0055451585322593006
3400.6250554809667,0.003635892506523153,0.005481811417833632
3411.9933316696415,0.007872352626826088,0.005251059411513479
3423.3996119609133,0.0033356476914611394,0.005255483151609039
3434.844023402349,0.011591865564970164,0.005255079663219096
3446.3266934662315,0.014925395982405616,0.005211099964795178
3457.847750050986,0.014182723206718005,0.005186453350523398
3469.4073214825994,0.004896162813585894,0.005094037687093814
3481.0055365160556,0.012789901019315144,0.004842833656594472
3492.6425243367635,0.003203923179940662,0.004709381871069247
3504.318414561997,-0.006090568285825614,0.004563836784017989
3516.033337242342,0.0038894925621862364,0.004557014494709812
3527.7874228631417,0.004363529609978607,0.004577694422061925
3539.5808023459526,0.0036500550829687566,0.004603972839674363
3551.4136070500026,0.0011606612944914964,0.0046203123575189855
3563.28596877365,0.008923301652681832,0.004590648183295161
3575.198019755855,0.004963009601790766,0.004549369902609367
3587.149892677652,0.006220207621989424,0.004569729210890957
3599.1417206636297,0.008476747701360945,0.0045481062027304545
3611.173637283412,0.003142369360447219,0.004525403908978209
3623.2457765531435,0.005780831538258078,0.004384691476415069
3635.3582729369846,0.0015688057175451135,0.004192789944478988
3647.511261348607,-0.0017609724072346156,0.004071038077925086
3659.7048771527016,0.007004308890051051,0.004015411025568811
3671.9392561664827,0.005659168719174962,0.004023406878061395
3684.2145346612006,0.010724269818267077,0.003943909614860508
3696.5308493636576,0.008365237425188493,0.003893470836145284
3708.8883374577335,0.014711734719886974,0.0038239605613177305
3721.2871365859164,0.013397041519851346,0.0037051195064827405
3733.7273848508326,0.005896061147418759,0.003590922201798696
3746.2092208167815,0.0050797937744924936,0.0035670667921349312
3758.7327835112833,0.009185390886587553,0.0036788093325684557
3771.298212426627,0.009167561163557141,0.0036658646721018534
3783.9056475214256,0.004473300709440032,0.003544367758022603
3796.555229222173,-0.0010736228504466773,0.0035463852426491243
3809.247098424805,-0.0013713529696284402,0.003550056220684737
3821.981396496276,-0.0009291216939992516,0.0033890778586412565
3834.758265276125,0.010907316166843851,0.003416128797864613
3847.577847078064,0.006310448254254304,0.003449440476584801
3860.4402846915605,0.004593489144516784,0.0034711117407588295
3873.3457213834213,0.016979893231335877,0.0035649244846613234
3886.294300899397,0.00883090362086962,0.003673260296571146
3899.2861674657775,0.011306879741616437,0.0035506987123034273
3912.3214657910025,0.016526768081782495,0.0034659026783781517
3925.4003410672735,0.011289100877508052,0.0034239548753553753
3938.5229389721653,0.013565428732527371,0.003414259615343165
3951.689405670252,0.014443112370742979,0.003409332001013472
3964.8998878147377,0.014376716090522898,0.003480606331752404
3978.154532549086,0.02089723696051958,0.0035400784179860636
3991.453487508664,0.016366304996930307,0.0034466111129454746
4004.796900822377,0.0102172931482426,0.003325853967732063
4018.18492111433,0.008094773990274997,0.003280224095423343
4031.617697505474,0.005029602113733055,0.003171690560977624
4045.0953796152735,0.012271930298549139,0.00314741540534217
4058.618117563371,0.018242506187119187,0.0031717861530324424
4072.1860619712556,0.01929226089332945,0.0031465168862198738
4085.799363963945,0.012668341676051853,0.0030516477972740257
4099.458175171663,0.00877502091328649,0.0029563060432691505
4113.162647731542,0.008734861322520231,0.002928978332909536
4126.912934289301,0.008266019184153463,0.002906283208635791
4140.709188000954,0.004924909703715009,0.0029251460462578712
4154.551562534517,0.01400480307476783,0.0029101811507464227
4168.440212071713,0.011933352427283956,0.0028730749316287774
4182.3752913097,0.007443205591244378,0.00278493086608067
4196.356955462785,0.009162787580778816,0.0027758251876929953
4210.385360264156,0.003951300232742277,0.0028254224509037585
4224.460661967617,0.007330451574084372,0.0028173856096865473
4238.583017349324,0.011064608903709798,0.002834115249332398
4252.752583709542,0.008374256744995123,0.0028182091518939027
4266.969518874386,0.011865131136385716,0.0027585450343202184
4281.233981197582,0.014316873086887684,0.0027255932310987848
4295.5461295622345,0.012895703891484847,0.0027270346493850875
4309.906123382591,0.009207074643392555,0.002734194162472771
4324.314122605823,0.012753569559018725,0.0027330212133679197
4338.770287713807,0.012902200241901893,0.002705672740341484
4353.274779724901,0.007116941573556075,0.0026606171975337755
4367.827760195754,0.009420658477489055,0.002682158279773084
4382.429391223097,0.00944677791089802,0.002698925085478289
4397.079835445547,0.008300122131857091,0.002651325863797681
4411.779256045427,0.011339084580167365,0.0026385239011127424
4426.527816750571,0.010984146714991483,0.0026376774792487515
4441.32568183616,0.011295915577698615,0.002598016501083052
4456.17301612654,0.00441678403961443,0.0025815469462539403
4471.06998499707,0.006197939499157267,0.002549502263002411
4486.01675437596,0.011658417263387979,0.0025607425540333513
4501.013490746111,0.012814407966191918,0.0025570646957502963
4516.060361146975,0.014439714963104078,0.002525076298202666
4531.157533176423,0.014124446365435698,0.002488868475656411
4546.3051749926035,0.015765720296950992,0.0024527648459246524
4561.503455315809,0.014160772367437001,0.0024667821043495406
4576.752543430374,0.018053612456501698,0.0024540927175954606
4592.052609186547,0.022498620537621847,0.0024791746710965557
4607.403823002376,0.025826256257224837,0.002504204016650724
4622.8063558656295,0.0209906813124012,0.0024500472092853225
4638.260379335682,0.02457894017665868,0.0024449046872734637
4653.766065545426,0.026117653782961638,0.0024817732871241596
4669.323587203196,0.020453900551750753,0.0024692357877230215
4684.933117594696,0.015963135109747208,0.002415466388101908
4700.594830584916,0.012106645969739146,0.002371069521099296
4716.308900620076,0.012081951998133755,0.0023330241010511648
4732.075502729573,0.0051704544394226715,0.0023056272169803653
4747.894812527928,0.005536875139409819,0.0023423164620700477
4763.767006216733,0.010739000433712644,0.002415129748354204
4779.692260586626,0.004130780508468269,0.002454046249985687
4795.67075301926,0.003944390326033305,0.0025257753956497517
4811.702661489265,0.014730481336839166,0.0026880483266293114
4827.7881645662455,0.011280937863535002,0.0028557687369630486
4843.927441416762,0.007004035856396245,0.0030588031317001596
4860.120671806329,0.005840133037876818,0.003325848864400715
4876.368036101411,0.01611793819750762,0.00358197793048817
4892.669715271444,0.0028036383561545848,0.0037509843012199268
4909.025890890844,0.0063474419879234,0.0038205787216327755
4925.436745141022,0.013354276865883443,0.0038157389106731146
4941.902460812428,0.007403763557327548,0.0037174520628373907
4958.423221306581,0.00849808493825295,0.0035088773121266306
4974.999210638101,0.012613476766266046,0.0032429954814121565
4991.630613436779,0.004246695228995104,0.003319431986873083
5008.317614949616,0.002992052670129193,0.0034082284645011495
5025.060401042893,0.016963009873382402,0.0037204473229253297
5041.8591582042445,0.005461224487332595,0.0031417898028484187
5058.71407354473,0.008310953802961055,0.00287016824118194
5075.625334800925,0.0070162012718739866,0.00280126132041456
5092.593130337,-0.00022083566826934048,0.002714343950293736
5109.61764914683,0.005237272841055107,0.002605206332341759
5126.699080856102,0.010156182914001896,0.0024808324626299128
5143.837615724411,0.009876521997178528,0.0023064070685373246
5161.033444647393,0.011013428019280114,0.0021770779099736007
5178.286759158847,0.00914559039991242,0.002069320669825515
5195.59775143287,0.0089954242145476,0.001907079143978781
5212.966614285993,0.008888000158432904,0.0018577161385958214
5230.393541179339,0.011752828897668793,0.0018126506868604612
5247.878726220767,0.011571679727586687,0.001737266029152195
5265.4223641670305,0.01984220579941132,0.0016759308153721161
5283.024650425963,0.008850297755371914,0.0016345265369504126
5300.685781058646,0.009918961996332635,0.0015917382268065632
5318.405952781588,0.009613604618185289,0.0015457745173145447
5336.185362968923,0.01464756209776475,0.0015053286348361637
5354.024209654601,0.016180672682771825,0.001469437367953847
5371.922691534604,0.011328434463376374,0.001425766997149353
5389.88100796915,0.012843240583271416,0.001394934752186489
5407.899358984922,0.01564156613116458,0.0014017095872554167
5425.977945277293,0.017580117297720396,0.001434397500229926
5444.116968212549,0.016345291106897152,0.0013951440378277414
5462.316629830153,0.01381999836162844,0.0012796055013429895
5480.577132844979,0.015124105761211492,0.0012617403359489075
5498.89868064958,0.012941077184878098,0.0012377355313610715
5517.28147731645,0.01644542771075337,0.001197758929547509
5535.725727600293,0.01818596906742749,0.0011699968120610815
5554.23163694031,0.017134972558761563,0.0011535445197040327
5572.79941146248,0.014742493364467493,0.0011306717456996064
5591.429257981867,0.01476508419740875,0.0010884786910988736
5610.121384004915,0.010942059603145843,0.0010545042402219818
5628.875997731756,0.008895835665154353,0.0010341620563818798
5647.69330805854,0.007043671539267677,0.001000469142559144
5666.573524579752,0.006959039484305372,0.0009829929086343702
5685.516857590555,0.006592755968243142,0.0009723100176038942
5704.523518089128,0.005891408814537241,0.0009628641205403239
5723.593717779009,0.005084435292789582,0.0010386320815067322
5742.727669071467,0.006546006012177164,0.0010317038792839342
5761.925585087854,0.004004979608447797,0.0009416039622449295
5781.187679661996,0.007061280481143448,0.0009154618843917192
5800.5141673425605,0.010485256919133195,0.0009133556968924621
5819.905263395445,0.015259158233429257,0.0009178628854546284
5839.361183806187,0.01610334373877105,0.00090623438339599
5858.882145282354,0.016758961772240615,0.0008819497326384125
5878.468365255977,0.015368667480628895,0.0008631659736326726
5898.12006188596,0.014086068925111175,0.0008523255659434235
5917.837454060502,0.014332181005086844,0.0008446606627447184
5937.620761399551,0.013063189022480716,0.000824312722705559
5957.470204257241,0.010740803003499937,0.000798375922744575
5977.386003724353,0.00971472996902618,0.0007771345616848226
5997.368381630775,0.00870960893019436,0.0007610403200231392
6017.417560547961,0.009520384589128477,0.0007513453862516579
6037.533763791432,0.007130829815516427,0.0007387986444286661
6057.717215423248,0.007898316856566119,0.0007414864275517976
6077.968140254503,0.008172626212334208,0.0007416710665333206
6098.286763847838,0.009715702479994903,0.0007274607363095927
6118.673312519953,0.008040460195585023,0.000739254243755962
6139.128013344114,0.01066348776444018,0.000732173726411469
6159.651094152697,0.009533137102670512,0.0007024158238025735
6180.242783539723,0.008686804320845419,0.0006958020886063124
6200.903310863401,0.007984734190127718,0.0006784745595430697
6221.632906248681,0.009108805304246173,0.0006619158629775763
6242.431800589825,0.006449349733063768,0.0006462186719039065
6263.300225552964,0.008820716773456132,0.000641903991490387
6284.238413578695,0.009788406884155304,0.0006473627631844505
6305.246597884667,0.00933098618258972,0.0006412224159556937
6326.325012468166,0.007692849087794742,0.0006277785653395339
6347.4738921087355,0.006967784962015175,0.0006189314061385322
6368.693472370778,0.007259542536113121,0.0006132453751178127
6389.9839896061985,0.008211605739812987,0.0005999613241556823
6411.345680957023,0.008077575871321886,0.0005990661633913477
6432.7787843580345,0.009796526816005124,0.00059793449143672
6454.283538539437,0.011559338489059838,0.0005887741964664121
6475.860183029508,0.011882709094211196,0.0005829735338828408
6497.508958157264,0.013275344193140257,0.0005865655987467526
6519.230105055148,0.013923613394754855,0.0005913448559493321
6541.023865661702,0.014329289379880213,0.0005857532523870838
6562.890482724266,0.011401785479732612,0.0005684044868815717
6584.830199801685,0.009175541878015666,0.0005514594224620608
6606.843261267024,0.008909014328110115,0.0005430561947909863
6628.929912310285,0.0077523242411465035,0.0005423012616307519
6651.0903989411345,0.00447264354919227,0.0005414279859761911
6673.324967991654,0.003560190431180038,0.0005473303022291391
6695.633867119077,0.0021609109410423094,0.0005472047116181686
6718.017344808559,0.002696894135773603,0.0005204898745967613
6740.475650375945,0.00311810873667502,0.0005068337092029344
6763.009033970533,0.0017327128821915264,0.0004955549274731193
6785.617746577873,0.0028521361414804948,0.0004879868248037523
6808.302040022556,0.0023962454095867013,0.0004757221843476922
6831.062166971027,0.00123242976634121,0.0004634819409443201
6853.898380934393,0.002544643201439529,0.00046264030276054634
6876.81093627124,0.004268202660883169,0.00047148081142204504
6899.8000881904845,0.00425002567089614,0.00046368478542207776
6922.866092754194,0.0025562278092793765,0.0004571970365585073
6946.0092068804615,0.00532162186128025,0.00046617186946459454
6969.229688346255,0.005685396970503038,0.0004670462821635287
6992.52779579028,0.00468382804990867,0.00046715207290610864
7015.903788715879,0.004521734541580117,0.0004587441180384848
7039.357927493908,0.005128070113228656,0.0004992271510663515
7062.890473365647,0.00432236444861653,0.0005177952319466628
7086.501688445705,0.004555877173389302,0.0005099354250430173
7110.191835724931,0.005903358277989393,0.0005101782225902663
7133.961179073358,0.006704952040061746,0.0005181652221805154
7157.809983243131,0.006653025943550193,0.0005101611274597411
7181.738513871466,0.008973511026575566,0.0004929883686173245
7205.747037483605,0.006852826699748219,0.00047488665680668407
7229.835821495773,0.009714201640972794,0.0004727003509097951
7254.005134218174,0.008905131618460922,0.00047753332413133975
7278.255244857964,0.007867164001626023,0.00048262374172207905
7302.586423522268,0.008044497791884727,0.00047460890054794037
7326.998941221176,0.006311766936140989,0.0004777526393502344
7351.493069870756,0.006940749062896495,0.0004660643438079136
7376.069082296098,0.007816514092977234,0.0005118257598594544
7400.727252234339,0.006855530410363265,0.0006715350657672981
7425.467854337722,0.005890331103742786,0.0006449796217491206
7450.291164176657,0.007558432803274838,0.0005406095877932497
7475.197458242774,0.008013141725854243,0.00047649714239661836
7500.187013952019,0.007792126534590823,0.00051042643323016
7525.260109647734,0.0061984754115470084,0.0005278754733056116
7550.4170246037675,0.006890510895548704,0.0005161674810976969
7575.658039027581,0.006392328144650495,0.0005036552178105518
7600.9834340633615,0.006375089251143016,0.0005234716792254048
7626.393491795165,0.007012888262083973,0.00052255669142635
7651.888495250046,0.006187096411059332,0.0005443438320526866
7677.468728401224,0.006431740460669714,0.0005224799975378057
7703.134476171246,0.0068530139773363835,0.0005497653579747397
7728.886024435141,0.006283612434104715,0.0005146668232005716
7754.723660023623,0.007286214635828124,0.0005275022601931158
7780.6476707262755,0.00626054879678232,0.0005211126820671575
7806.658345294771,0.004242647782627737,0.0004987665845637221
7832.755973446074,0.00638122889243801,0.00048118182773828006
7858.940845865665,0.005507793206275929,0.0004626087758472742
7885.213254210794,0.005651179070612676,0.0004548227146341627
7911.573491113709,0.003934693397839984,0.00044465936933594716
7938.021850184939,0.005082481219637543,0.0004441585085555463
7964.558626016547,0.004217587959222797,0.0004378033512345187
7991.184114185413,0.00284961996620543,0.00043286889001480083
8017.898611256533,0.0027314427474953743,0.00043158303995539357
8044.702414786312,0.0018572506938984716,0.00046333125977620493
8071.595823325894,0.002440075518886126,0.0005519613619207796
8098.57913642448,0.0024353105069529774,0.0005032637676374495
8125.652654632648,0.0021472220824678276,0.0005753496568182085
8152.81667950573,0.0021185518003338597,0.0005096686510735883
8180.07151360715,0.0003561221679761971,0.000549734079935405
8207.417460511802,0.0016187232324310222,0.0005534033372747934
8234.854824809423,0.001424588941795783,0.0005200845824995526
8262.383912108004,0.000989193870549963,0.0004971963966307339
8290.005029037178,0.0014446315924517448,0.0004586172876122359
8317.718483251632,0.0015675148043385115,0.00043392792155269003
8345.524583434553,0.002338975341317888,0.0004320224586710418
8373.42363930105,0.0011407335769971637,0.0004412773780169053
8401.415961601604,0.001280540719863093,0.0004930899121121058
8429.501862125539,0.000989799583235316,0.0004973670165872511
8457.681653704487,0.0012680651786939725,0.0004547454615664256
8485.955650215876,0.002643535480247169,0.00043085088142160143
8514.324166586423,0.003417769443499353,0.0005155599261775941
8542.787518795645,0.002965748300879052,0.0006286533478809648
8571.346023945849,0.0038715159767364563,0.0005541426162580644
8600.000000000004,0.0030939063640330064,0.0006416572700637742
