wave,flux,sigma
3300.0000000000005,0.0014498983631493847,0.00151969133380053
3311.0318870238752,0.00473180720502927,0.001441670469828226
3322.1006535769357,0.00487001868345557,0.00138521450399858
3333.2064229988164,0.0032160637269361093,0.001347176419380983
3344.349318964206,0.004903965249908221,0.001309382950216469
3355.52946558699,0.00503997638040057,0.0012659760466385472
3366.7469873959726,0.004939209863600027,0.0012143928296153993
3378.0020093362546,0.0050709150581701515,0.0011542065890921336
3389.2946567706267,0.006127872104120696,0.0011257856552586902
3400.6250554809667,0.004392076132777339,0.0010919087061259734
3411.9933316696415,0.007404606368800412,0.0010547161322762408
3423.3996119609133,0.0063015982698521236,0.001049722470805083
3434.844023402349,0.005070356438350545,0.0010303138342459294
3446.3266934662315,0.004111547987268847,0.0009957001485503783
3457.847750050986,0.006029565733820505,0.0009726924812378082
3469.4073214825994,0.006029736962635539,0.000949588811524346
3481.0055365160556,0.005389911776741007,0.0009249003996831092
3492.6425243367635,0.00803341751370662,0.000892863969094564
3504.318414561997,0.0056413829555007535,0.0008853681976306887
3516.033337242342,0.00549684311760417,0.000880219983412493
3527.7874228631417,0.006563307864171301,0.0008663693985963151
3539.5808023459526,0.00807097153214992,0.0008427403785322342
3551.4136070500026,0.006510785883383384,0.000822590614662777
3563.28596877365,0.008651392858343043,0.000808908249330249
3575.198019755855,0.007980631488162566,0.0008129224677622351
3587.149892677652,0.009306821751586479,0.000814092725518483
3599.1417206636297,0.011475013325887417,0.0008042568398412126
3611.173637283412,0.010285692138572663,0.0007806629195598808
3623.2457765531435,0.010121722624478548,0.0007461254826759434
3635.3582729369846,0.010357872078566588,0.0007256463442617025
3647.511261348607,0.012016304528924769,0.0007109587630469337
3659.7048771527016,0.011245971940375611,0.000708798200657264
3671.9392561664827,0.013997849080697107,0.0007038954143504073
3684.2145346612006,0.015046320433061752,0.0007077682027905363
3696.5308493636576,0.016776879235707837,0.0007097272396974221
3708.8883374577335,0.019224661847841912,0.0007236044507309212
3721.2871365859164,0.019895353062446622,0.0007274108380100428
3733.7273848508326,0.017856220653255893,0.0007002989877489024
3746.2092208167815,0.01856134947916621,0.0006596048793905443
3758.7327835112833,0.016679555948204403,0.0006395549855988499
3771.298212426627,0.012764466492339761,0.0006129654073328324
3783.9056475214256,0.010026228360824098,0.0005775064103422087
3796.555229222173,0.008813591508677238,0.0005615514662908456
3809.247098424805,0.007371401197694749,0.0005542749243277029
3821.981396496276,0.00599258183999993,0.0005480808164839261
3834.758265276125,0.008090852289539052,0.0005522703479466952
3847.577847078064,0.010927502493411364,0.0005582194161272146
3860.4402846915605,0.013269276258940386,0.0005546335888008055
3873.3457213834213,0.012725179810695224,0.0005622481953125755
3886.294300899397,0.016414107395425197,0.0005629299014804571
3899.2861674657775,0.019235951042306486,0.0005717562879111969
3912.3214657910025,0.019715461993687598,0.0005793825758463428
3925.4003410672735,0.021693525556578323,0.0005874887644263628
3938.5229389721653,0.022887916342035183,0.0006132780999562813
3951.689405670252,0.025041245217477373,0.0006111902590460318
3964.8998878147377,0.02353396737929541,0.0005796796890332659
3978.154532549086,0.024568011456181087,0.000565697923276867
3991.453487508664,0.02577448954181168,0.0005495117390593939
4004.796900822377,0.023201225976880548,0.0005410797570711768
4018.18492111433,0.021871043683778034,0.0005366878139294791
4031.617697505474,0.019309772293956046,0.0005272973053685459
4045.0953796152735,0.01684296003082655,0.0005187700951923633
4058.618117563371,0.017496150898332417,0.0005142685009263314
4072.1860619712556,0.017638486622685412,0.0005043540049775272
4085.799363963945,0.017174662414844957,0.0004841144920503806
4099.458175171663,0.016182394293298104,0.0004675197558725615
4113.162647731542,0.01605295877916713,0.0004600355743706303
4126.912934289301,0.015079459419320713,0.0004562594671237568
4140.709188000954,0.015926896311732518,0.0004546329996572797
4154.551562534517,0.016336615136743254,0.0004556923631144127
4168.440212071713,0.01739707967890953,0.00045614805295252683
4182.3752913097,0.016086089362206915,0.00045365663305634523
4196.356955462785,0.0166494117700626,0.0004508629600726325
4210.385360264156,0.01767106678209435,0.0004528062546815579
4224.460661967617,0.018916900992109038,0.00045024510433037257
4238.583017349324,0.019710848696252527,0.00044395940228616836
4252.752583709542,0.019930009501379024,0.0004342954097235071
4266.969518874386,0.019468553155501223,0.0004281949170845937
4281.233981197582,0.0197692384021166,0.00043014365508134954
4295.5461295622345,0.021586583834539465,0.0004328514370003024
4309.906123382591,0.021893890419641182,0.0004416400241788418
4324.314122605823,0.023255802190853513,0.00044825199681832736
4338.770287713807,0.023616888784166564,0.0004397424551605641
4353.274779724901,0.02111175978094715,0.0004256846946469014
4367.827760195754,0.018601502737794266,0.00041764687880207563
4382.429391223097,0.015711484129304072,0.0004059154278041625
4397.079835445547,0.013733857540808874,0.00038615107275998434
4411.779256045427,0.012857670286376077,0.0003786753401379045
4426.527816750571,0.012203756418613303,0.00037592654268918976
4441.32568183616,0.011337651082284248,0.0003670614568496845
4456.17301612654,0.01170968030148233,0.00036862113217856076
4471.06998499707,0.01242266965109369,0.00037277498239944026
4486.01675437596,0.014177818305002386,0.0003796751901564537
4501.013490746111,0.01594213542590237,0.0003872958644740453
4516.060361146975,0.019243164042109115,0.00039686278697200617
4531.157533176423,0.021650458888023225,0.0004055855536199588
4546.3051749926035,0.024441627554629395,0.0004107703374135823
4561.503455315809,0.027466718432515906,0.00042659309061602793
4576.752543430374,0.03209751652887935,0.0004384226769814686
4592.052609186547,0.037669211523988194,0.0004545745490924794
4607.403823002376,0.04223316626240134,0.00047017832208107386
4622.8063558656295,0.04235505978245755,0.0004642999902370807
4638.260379335682,0.03910806976526425,0.0004525320339003519
4653.766065545426,0.03751980343957284,0.00044933907307425714
4669.323587203196,0.035805453531531764,0.0004434013579629977
4684.933117594696,0.033174255800301464,0.00042780497634294947
4700.594830584916,0.028398674563429916,0.0004080968264525171
4716.308900620076,0.024861466267843545,0.0003908968131881653
4732.075502729573,0.021271512399272722,0.0003765219139503003
4747.894812527928,0.01811823520670688,0.0003634591319552347
4763.767006216733,0.0158217118261996,0.0003570722642351398
4779.692260586626,0.015662265737325435,0.0003577167224721172
4795.67075301926,0.017164250949083575,0.0003618105712301981
4811.702661489265,0.018191954798508138,0.00036750522102785505
4827.7881645662455,0.01854591895660219,0.00037120665533331356
4843.927441416762,0.019768433659022155,0.0003745396247993105
4860.120671806329,0.018677675774025296,0.00038086638492061697
4876.368036101411,0.019269963560361883,0.0003895491426679196
4892.669715271444,0.020116849394528142,0.00040739176505342865
4909.025890890844,0.02251766398425866,0.00044515206727083363
4925.436745141022,0.028321385856524897,0.0005031998811919279
4941.902460812428,0.03633301949430312,0.0005609369778070861
4958.423221306581,0.0375775073953903,0.0006016382970022837
4974.999210638101,0.034452135948365395,0.0006171397767666408
4991.630613436779,0.026460784720328416,0.0006033447498375138
5008.317614949616,0.020610592043657748,0.0005705769686494731
5025.060401042893,0.01832225718677251,0.0005409354095266029
5041.8591582042445,0.017740694389396346,0.0005187434702902768
5058.71407354473,0.016957087360948832,0.00047430686884098356
5075.625334800925,0.01763926143084193,0.0004910451675859764
5092.593130337,0.0180866788199844,0.0005205469000103297
5109.61764914683,0.018794380433793622,0.0006688079237261126
5126.699080856102,0.01824436451573161,0.000565093178699728
5143.837615724411,0.01793106415308169,0.0005188582773473494
5161.033444647393,0.01673986521536689,0.0005076494743748789
5178.286759158847,0.01796822471302703,0.0004977755219735749
5195.59775143287,0.020212030652032108,0.00048463761609850213
5212.966614285993,0.02206336850233918,0.00047698565302255994
5230.393541179339,0.02545565104497057,0.00046075072311323954
5247.878726220767,0.02718024454750826,0.0004408960684260194
5265.4223641670305,0.030574235270001207,0.0004314420096221986
5283.024650425963,0.03331635829124746,0.00042699341795604675
5300.685781058646,0.034300205590802824,0.00041989076133901643
5318.405952781588,0.03485394786862844,0.00040671385621024
5336.185362968923,0.03644258868277358,0.00039506471346817173
5354.024209654601,0.041001646467028384,0.0003912918763066796
5371.922691534604,0.043171246951512435,0.00038507722383257
5389.88100796915,0.04064294851091702,0.0003705147141248216
5407.899358984922,0.03766668852751927,0.00035568191097180114
5425.977945277293,0.03721646661889325,0.0003484033410801731
5444.116968212549,0.041417544547118615,0.00035374214282258697
5462.316629830153,0.04903962526462279,0.0003692667113400537
5480.577132844979,0.05808340555001426,0.00038305215727674365
5498.89868064958,0.058899164629928925,0.0003941126272630598
5517.28147731645,0.05898748354032605,0.0004126107836026394
5535.725727600293,0.05607610075374053,0.00039794323292460305
5554.23163694031,0.05246814667962884,0.00034553763068426543
5572.79941146248,0.050961791649302854,0.0003343385837702892
5591.429257981867,0.04831965932686792,0.0003215660861467514
5610.121384004915,0.0468476686793325,0.00031184135110164395
5628.875997731756,0.04416922724958223,0.00030147935427521274
5647.69330805854,0.04176852779958946,0.000288863861989796
5666.573524579752,0.04054491498892708,0.0002812288830021385
5685.516857590555,0.038577316700389025,0.00027213401134641105
5704.523518089128,0.03625187007834946,0.000262476781325569
5723.593717779009,0.03377830899222257,0.00025678017274657336
5742.727669071467,0.03625786887254254,0.0002563866177974168
5761.925585087854,0.04047307133920865,0.00026353998980585547
5781.187679661996,0.04448067368967751,0.00026835664496445194
5800.5141673425605,0.04814534646733221,0.00027440920019914246
5819.905263395445,0.05023637340244736,0.00029037274101006673
5839.361183806187,0.045942238464994914,0.0002831290536930647
5858.882145282354,0.04328392924397461,0.0002590972213143783
5878.468365255977,0.03955182439464622,0.0002467719096692052
5898.12006188596,0.038592878258157784,0.00024298458961012978
5917.837454060502,0.03991252697403044,0.00024225395120792796
5937.620761399551,0.03936503049848421,0.0002356253745334978
5957.470204257241,0.03590027731697995,0.00022373283549400317
5977.386003724353,0.032495056949381984,0.00021208495297370009
5997.368381630775,0.02980796464027295,0.0002024033186785813
6017.417560547961,0.026661585591869884,0.0001936222737453554
6037.533763791432,0.02539376925975854,0.00018962074445361533
6057.717215423248,0.02771167723026801,0.0001920607372704328
6077.968140254503,0.02825620294697475,0.0001927719169857118
6098.286763847838,0.026816720100446657,0.00018692984831736258
6118.673312519953,0.02507373791183404,0.000179415016680433
6139.128013344114,0.026087272774623756,0.00017978976657600888
6159.651094152697,0.03126269766104706,0.00019106770063873258
6180.242783539723,0.03470687057965878,0.00019825317427944796
6200.903310863401,0.035929307082924716,0.00019667545067910075
6221.632906248681,0.03513051393651394,0.00024005242800770495
6242.431800589825,0.03294596906108775,0.0002459223424308421
6263.300225552964,0.030326852799765068,0.00019071577158799938
6284.238413578695,0.025938281111974878,0.00018534037168171122
6305.246597884667,0.023585221154690715,0.0001838475712193149
6326.325012468166,0.02310924413840118,0.00016168300329195683
6347.4738921087355,0.02410889644968731,0.00015711451384434362
6368.693472370778,0.026319644312721872,0.0001602517193069677
6389.9839896061985,0.028677221325076434,0.0001643363017116391
6411.345680957023,0.03207855913401762,0.00017233656670495858
6432.7787843580345,0.03871204598110671,0.00018123025503685638
6454.283538539437,0.043930812460380185,0.0001863048693043126
6475.860183029508,0.04455364680144678,0.00018681456119259458
6497.508958157264,0.044373246375981154,0.0001852523643991134
6519.230105055148,0.04348354795772473,0.00018265479831813453
6541.023865661702,0.041881342726998796,0.00017972844724758688
6562.890482724266,0.039326015440571335,0.00017668155020825928
6584.830199801685,0.03623654496249061,0.0001675932980163397
6606.843261267024,0.033823770725139465,0.00015878050770956587
6628.929912310285,0.030979248070225403,0.00015256585242547752
6651.0903989411345,0.02759539602293009,0.0001458487805278048
6673.324967991654,0.02530871212017984,0.00013845658681661545
6695.633867119077,0.02217164145619765,0.00013171282666247822
6718.017344808559,0.0209610185351679,0.000129023482826599
6740.475650375945,0.021056129096908988,0.00012979253498598102
6763.009033970533,0.02149022185448792,0.00013384882889205062
6785.617746577873,0.021539115713166742,0.0001384207946468837
6808.302040022556,0.0216383012710888,0.00014167375725263008
6831.062166971027,0.021874370967316543,0.00013660389321442677
6853.898380934393,0.021050008809036635,0.00013095216608487298
6876.81093627124,0.02044348503301848,0.00012714017228547024
6899.8000881904845,0.020349146876040704,0.00012495807262036005
6922.866092754194,0.020215556731881624,0.00012244006558551274
6946.0092068804615,0.020885662227029405,0.0001208382810542215
6969.229688346255,0.020883697788204945,0.00011955084916555096
6992.52779579028,0.020414705185983203,0.00012002297065777825
7015.903788715879,0.02015507246505029,0.00011805798015975955
7039.357927493908,0.019400738256894975,0.0001142718356526189
7062.890473365647,0.018861249423672254,0.00011343488255113916
7086.501688445705,0.018800620536001223,0.00011464782927555488
7110.191835724931,0.019676755779947458,0.00011757607542297731
7133.961179073358,0.021021082455541417,0.00011856707281494771
7157.809983243131,0.020548306661634534,0.00012776601763198308
7181.738513871466,0.020840643927138514,0.00013351849166680363
7205.747037483605,0.02397058093699626,0.0001365313145779415
7229.835821495773,0.027563434991958246,0.00014009617940339585
7254.005134218174,0.028822288370117306,0.00014345961330408574
7278.255244857964,0.027137068979902514,0.0001395361720527402
7302.586423522268,0.024625063647294616,0.00013050915789062357
7326.998941221176,0.023102671598592014,0.00012344569579411375
7351.493069870756,0.02360995210150827,0.00012189574796211871
7376.069082296098,0.025325532635595727,0.00012464292727483423
7400.727252234339,0.026118997356055114,0.0001284560364226964
7425.467854337722,0.029044866069936837,0.00013041167174417887
7450.291164176657,0.03176225129948839,0.00013677571843323207
7475.197458242774,0.03167602044087574,0.00013421398609331556
7500.187013952019,0.0281045963950503,0.0001356765414300239
7525.260109647734,0.024095522757424437,0.000173918182501549
7550.4170246037675,0.02145402925377824,0.00016772643878697741
7575.658039027581,0.020710581494807218,0.00013799563014879864
7600.9834340633615,0.02360994644918779,0.00012477106740862624
7626.393491795165,0.02780122900740515,0.00013580400398786804
7651.888495250046,0.029711957110686967,0.00014364463388597426
7677.468728401224,0.029434345118449112,0.0001477295635522063
7703.134476171246,0.03203289914752064,0.00015077352795246036
7728.886024435141,0.034265463820250086,0.0001498355352177679
7754.723660023623,0.03428576753810664,0.00014991507332902165
7780.6476707262755,0.034699517342909186,0.00015447141962833064
7806.658345294771,0.03326241026855381,0.0001475704397014666
7832.755973446074,0.03107543827173881,0.00014988393489127593
7858.940845865665,0.02930716881613503,0.0001413057399555791
7885.213254210794,0.025806101504286527,0.00013761167044854618
7911.573491113709,0.02344495968646267,0.00013505963914751
7938.021850184939,0.021578104514616878,0.00012761245926945765
7964.558626016547,0.021599458248643382,0.00012304667344070308
7991.184114185413,0.022552438219376473,0.00012149466103222474
8017.898611256533,0.02330730720729356,0.00012039904283596355
8044.702414786312,0.023203473437067565,0.00011877207220994672
8071.595823325894,0.021851883739836632,0.00011831836205315487
8098.57913642448,0.021000184837930664,0.00011587355544981488
8125.652654632648,0.019405973009384764,0.00011191766269012171
8152.81667950573,0.016368652053875526,0.00010599706968554116
8180.07151360715,0.01103130212338204,0.00010101639004226258
8207.417460511802,0.007706923081345325,0.00011244542565785503
8234.854824809423,0.006246282781637063,9.721338542797296e-05
8262.383912108004,0.006938416982390146,0.0001112881900388501
8290.005029037178,0.005848029596220193,9.730118698460268e-05
8317.718483251632,0.005212739905586693,0.0001046794068908559
8345.524583434553,0.0059695155698602075,0.0001083075466642226
8373.42363930105,0.006989647567467578,0.00010427999278375715
8401.415961601604,0.008197958450194023,9.970957900325598e-05
8429.501862125539,0.010750026212866335,9.928400151420237e-05
8457.681653704487,0.015751653663464725,0.0001067908837178381
8485.955650215876,0.023977415162998172,0.00011938724903512405
8514.324166586423,0.027482210487932604,0.00012896989248428525
8542.787518795645,0.027378283707489386,0.00013953218556511725
8571.346023945849,0.02929076804695305,0.00014406407952144537
8600.000000000004,0.031374794001250775,0.00013835772397931
