wave,flux,sigma
3300.0000000000005,0.019667707936825263,0.012468812504480805
3311.0318870238752,-0.0002281666168482697,0.012192954811930662
3322.1006535769357,0.023822198723756172,0.011678272671150451
3333.2064229988164,-0.004290735710794521,0.011490082543285823
3344.349318964206,0.015144948138351669,0.011237425820793394
3355.52946558699,0.021782768412146613,0.011197056275422767
3366.7469873959726,0.010349439053374347,0.011014398471486078
3378.0020093362546,0.014746160410485955,0.010604182264194675
3389.2946567706267,0.005022014877008502,0.010513982323656267
3400.6250554809667,0.01975172708876099,0.010139280592090833
3411.9933316696415,0.018184001050851932,0.010031394658640998
3423.3996119609133,0.025423519064270938,0.010212736035111641
3434.844023402349,0.011038960261678915,0.010309972683829735
3446.3266934662315,0.017819075942805553,0.009837862350783745
3457.847750050986,0.03323061368939326,0.009367507911871284
3469.4073214825994,0.007933845187452434,0.009262369704161454
3481.0055365160556,0.01898475047107255,0.009148416192949595
3492.6425243367635,0.029859155238908065,0.009012941178034887
3504.318414561997,0.0255002405181582,0.008918709392668403
3516.033337242342,0.02540194964570008,0.008812483941842942
3527.7874228631417,0.02474404816816258,0.008693227488409207
3539.5808023459526,0.01847784305564308,0.00845901555695987
3551.4136070500026,0.007598326476251922,0.008264901384621506
3563.28596877365,0.01923615054504712,0.008228682739607685
3575.198019755855,0.011890605796072621,0.008218071424802418
3587.149892677652,0.008394169115792677,0.008154280182058505
3599.1417206636297,0.0123920873360202,0.008085331282703357
3611.173637283412,0.028574946984076335,0.007954609259582648
3623.2457765531435,0.03304448160701444,0.00779072164591572
3635.3582729369846,0.03041590101110335,0.00766261261659252
3647.511261348607,0.026317228734112484,0.007512497697703247
3659.7048771527016,0.03402583006152449,0.00734171768165683
3671.9392561664827,0.03288618518421425,0.007143438752535164
3684.2145346612006,0.037764727347966515,0.006880107437377426
3696.5308493636576,0.03697438531203332,0.00666323732343755
3708.8883374577335,0.03276062577094807,0.006700281024343775
3721.2871365859164,0.03015699873279174,0.006694761789370792
3733.7273848508326,0.018528896485368183,0.006570899448226704
3746.2092208167815,0.0230467374369519,0.00649843169826233
3758.7327835112833,0.012228406825323758,0.006470356546831911
3771.298212426627,0.009611026478106582,0.006458206635800604
3783.9056475214256,0.011359488420314517,0.006202275832518318
3796.555229222173,0.01933278499975227,0.005955656578755349
3809.247098424805,0.0036635447060423204,0.005974251717718339
3821.981396496276,0.028784951164009465,0.005984294993928432
3834.758265276125,0.021494349145917982,0.006207842055838319
3847.577847078064,0.004669994398654226,0.006511564308607653
3860.4402846915605,0.015051476279520937,0.006650251727668391
3873.3457213834213,0.03211147027530285,0.006481441500388142
3886.294300899397,0.041554105829412366,0.006217821258672006
3899.2861674657775,0.04014492352346977,0.0060367194892099576
3912.3214657910025,0.04841987177319089,0.0059469470807159575
3925.4003410672735,0.042360111753214524,0.005921246753338183
3938.5229389721653,0.04082407322202933,0.006144212597899801
3951.689405670252,0.06550602108149886,0.006247858189994279
3964.8998878147377,0.06000034916022028,0.006242381142287667
3978.154532549086,0.05424485999830486,0.006134638301370356
3991.453487508664,0.046844370018148236,0.005907322469627926
4004.796900822377,0.04665780956006965,0.0057499376759672285
4018.18492111433,0.04057851212462594,0.005693983612051734
4031.617697505474,0.04334723659174688,0.005513518862781813
4045.0953796152735,0.03567389541279107,0.005381388549788399
4058.618117563371,0.028426636622313758,0.005466977144629571
4072.1860619712556,0.0458951056241236,0.005451625843337389
4085.799363963945,0.03933155848503353,0.0053153486051714036
4099.458175171663,0.03114879860459268,0.0051593155406475895
4113.162647731542,0.02738092693356519,0.00510363460362835
4126.912934289301,0.03452899187341138,0.005053106123275536
4140.709188000954,0.02188307159600423,0.005015241339930331
4154.551562534517,0.032708258171205803,0.0049480824880378926
4168.440212071713,0.030386861453123443,0.005011614482941817
4182.3752913097,0.033259329358656574,0.005100626511265086
4196.356955462785,0.03303264119979622,0.005114223759848052
4210.385360264156,0.028645167299249878,0.005155024382187944
4224.460661967617,0.03412962865656303,0.005121005550434912
4238.583017349324,0.03579744030733818,0.005056369920780239
4252.752583709542,0.04584636739137034,0.005018003896533243
4266.969518874386,0.041835686082072665,0.0049629798207927065
4281.233981197582,0.041100613896576446,0.004936627089503766
4295.5461295622345,0.048895672920566596,0.004911912627593943
4309.906123382591,0.03769935412356858,0.004953568155121987
4324.314122605823,0.04454595770490476,0.004967121240540193
4338.770287713807,0.03746078345158006,0.0049151561389404914
4353.274779724901,0.027216837404771575,0.004801576230889649
4367.827760195754,0.023239719667303115,0.004766078923498771
4382.429391223097,0.02681562209561028,0.004764971917404858
4397.079835445547,0.03064506761443129,0.004709732883899333
4411.779256045427,0.02163908978052327,0.004692034606917741
4426.527816750571,0.017446209562947807,0.004610672743814743
4441.32568183616,0.011405938087946153,0.00452568963969049
4456.17301612654,0.02155645431073954,0.0046298240996533995
4471.06998499707,0.029894994494092823,0.004626411850003567
4486.01675437596,0.028052064345788483,0.004631174427248292
4501.013490746111,0.031634256274738884,0.004625251954708871
4516.060361146975,0.03222096963808895,0.004603996450796165
4531.157533176423,0.046777428359658875,0.0046198329984955214
4546.3051749926035,0.041060192106123466,0.004596540924307765
4561.503455315809,0.04930974541772413,0.004653665341227634
4576.752543430374,0.06079942753386122,0.0046657095997700805
4592.052609186547,0.057369188866939716,0.004658024001195577
4607.403823002376,0.068448692775025,0.004722973409350594
4622.8063558656295,0.07233560941563336,0.0047441723291902944
4638.260379335682,0.07506146675388438,0.004717860080812925
4653.766065545426,0.0626873123607475,0.004698390803991131
4669.323587203196,0.04819950800602192,0.004646535672762307
4684.933117594696,0.047575319056136295,0.004503665447669077
4700.594830584916,0.03163124367159102,0.004385476694255529
4716.308900620076,0.015973477612006046,0.004401211905975485
4732.075502729573,0.02230377619674857,0.0045032448277790215
4747.894812527928,0.02378945101726264,0.0046243123268942575
4763.767006216733,0.022122816257796864,0.004759579281509878
4779.692260586626,0.020209251636706636,0.005002064903770206
4795.67075301926,0.031208682448655673,0.005373368473800634
4811.702661489265,0.04245047181637871,0.005771934602093615
4827.7881645662455,0.02931451010723441,0.00620626032039734
4843.927441416762,0.052028063486753415,0.006730560578416948
4860.120671806329,0.05432593792345914,0.0071038857532100645
4876.368036101411,0.048155006165188925,0.007301868934951932
4892.669715271444,0.042296679410039284,0.007253831489812926
4909.025890890844,0.05090047503734995,0.007184766613349093
4925.436745141022,0.0626487359068239,0.006978925526197942
4941.902460812428,0.06817423749632237,0.006657675940972263
4958.423221306581,0.054487244835395854,0.006691228920036181
4974.999210638101,0.05274791503965433,0.00904685029682996
4991.630613436779,0.02098931729861974,0.00946411271664806
5008.317614949616,0.030121470946967415,0.007740409754106506
5025.060401042893,0.02139179009040027,0.0071383003650327655
5041.8591582042445,0.02778141047549744,0.006887738138482731
5058.71407354473,0.047106065582243534,0.006613418968380657
5075.625334800925,0.009177283540720184,0.0062808864057445285
5092.593130337,0.030390561538777998,0.005934092986402678
5109.61764914683,0.03925887788167175,0.005609602325175248
5126.699080856102,0.02612543537078212,0.005229028491674358
5143.837615724411,0.02207206322924586,0.00492838372262281
5161.033444647393,0.03615216419429387,0.004736538436203843
5178.286759158847,0.028463452735182408,0.004532882997027879
5195.59775143287,0.035501699185903346,0.0043160926442965845
5212.966614285993,0.03857497995244031,0.004235555450156844
5230.393541179339,0.040185117410632375,0.0040923500031078
5247.878726220767,0.046938773585926435,0.003947964408039143
5265.4223641670305,0.056652170593523045,0.0038880263033630146
5283.024650425963,0.06100913992934586,0.003823985710634261
5300.685781058646,0.04427019631664161,0.003743997182587439
5318.405952781588,0.056955993090788117,0.0036210518465835326
5336.185362968923,0.046523627944911806,0.003512273719863706
5354.024209654601,0.04905875236905184,0.0034352405651881055
5371.922691534604,0.04928879120187823,0.003698718627451215
5389.88100796915,0.06045792655846092,0.003764173853775828
5407.899358984922,0.06597019281986286,0.003560962978865801
5425.977945277293,0.07165809073545173,0.003237528414588787
5444.116968212549,0.0801467365848957,0.003195810022237537
5462.316629830153,0.08195238211825512,0.0031643370012005337
5480.577132844979,0.08681919634105636,0.003157299976878321
5498.89868064958,0.09626670933066098,0.003108741177303433
5517.28147731645,0.09898926664164147,0.0030056845222144737
5535.725727600293,0.09846088509958158,0.0029279029416886164
5554.23163694031,0.08595707826104834,0.002864769576817882
5572.79941146248,0.09038539220504986,0.002827815441297744
5591.429257981867,0.08632950094872131,0.002760531117165235
5610.121384004915,0.07870046147793922,0.002683934907283898
5628.875997731756,0.07308513343154963,0.0026363189957685396
5647.69330805854,0.07026958390160873,0.0025636431959201824
5666.573524579752,0.05758284495267278,0.00251888554387357
5685.516857590555,0.05088329001362107,0.0025055353741564017
5704.523518089128,0.05111044091783294,0.002450934975865652
5723.593717779009,0.0473558109084799,0.002366736489832264
5742.727669071467,0.059572578425054076,0.0023332685364927195
5761.925585087854,0.05783342799959329,0.0023171278865213945
5781.187679661996,0.058777720047472524,0.0022828893452011218
5800.5141673425605,0.07077180701511859,0.0022577289795217568
5819.905263395445,0.06547963450954443,0.0022479938055162806
5839.361183806187,0.06965274978031002,0.002203147837341502
5858.882145282354,0.06447299483311388,0.0021429448071303165
5878.468365255977,0.06520193398560445,0.0021177086726415872
5898.12006188596,0.06072977101274967,0.0021070170027416932
5917.837454060502,0.05517855009252387,0.0020694229703377277
5937.620761399551,0.05146984515901207,0.002012671567806644
5957.470204257241,0.04609419829736674,0.0019479541729593944
5977.386003724353,0.038945279383606354,0.0018924235623464175
5997.368381630775,0.03935785623973398,0.0018669680150639205
6017.417560547961,0.0449027472034587,0.001865757076638266
6037.533763791432,0.03961550901937051,0.0018467310949613323
6057.717215423248,0.04022604978588468,0.001833264538830705
6077.968140254503,0.036627799782203346,0.002059189424510201
6098.286763847838,0.0346267774661693,0.0020127123779479185
6118.673312519953,0.039268419665250166,0.0017165242045019081
6139.128013344114,0.03230404916253341,0.0017578135449612296
6159.651094152697,0.030038767400245706,0.001753560971291112
6180.242783539723,0.030334141097386212,0.0016557595020213855
6200.903310863401,0.036613591663886905,0.0016327198483660952
6221.632906248681,0.037066706936005625,0.001641675581759828
6242.431800589825,0.03837591039432984,0.0016404304269333348
6263.300225552964,0.03631052975559086,0.0016247415717418115
6284.238413578695,0.041036109157986216,0.001612158983366728
6305.246597884667,0.03874830879194199,0.0016004039779239573
6326.325012468166,0.04014590454317818,0.001588286021032973
6347.4738921087355,0.04468731899297444,0.0015926975689913917
6368.693472370778,0.0509102255049037,0.0015963490809267908
6389.9839896061985,0.0536553386211496,0.0015809872385311877
6411.345680957023,0.06155632893065322,0.0016132238582289079
6432.7787843580345,0.07037653752863071,0.0016271234978400778
6454.283538539437,0.06976750336137347,0.0016052068862882493
6475.860183029508,0.07388986180270987,0.0016028390233765186
6497.508958157264,0.07972786718123322,0.0016149866839058908
6519.230105055148,0.07701283818408342,0.001616344207817205
6541.023865661702,0.07346959496568829,0.001600709515293405
6562.890482724266,0.07501557273732792,0.0015848266664874825
6584.830199801685,0.06963066435724458,0.0015777963986219122
6606.843261267024,0.06450715207673544,0.0015573259002654143
6628.929912310285,0.060233927528263176,0.0015767080401230338
6651.0903989411345,0.05351297196359727,0.0015681056382655827
6673.324967991654,0.040731981798106234,0.0014674930310203875
6695.633867119077,0.03699460654810974,0.001394979330021848
6718.017344808559,0.03472158427405062,0.001351143592583966
6740.475650375945,0.03340687047896081,0.0013281025008462265
6763.009033970533,0.03377435951917235,0.0013159152377342845
6785.617746577873,0.03256773399963166,0.0012894229339710849
6808.302040022556,0.032072823263906314,0.0012661865903934384
6831.062166971027,0.027806847628677404,0.0012637001125688672
6853.898380934393,0.03033868798210073,0.0012599727878278373
6876.81093627124,0.030036900326146004,0.0012548206955277732
6899.8000881904845,0.026907907065007446,0.0012503476366847583
6922.866092754194,0.028912559843969832,0.0012523092149640776
6946.0092068804615,0.029231051952954695,0.0012533204951034724
6969.229688346255,0.030004859930235897,0.0012395840053002463
6992.52779579028,0.028067157328750907,0.0013350917384103943
7015.903788715879,0.03261089870859905,0.0013723418067417348
7039.357927493908,0.026893928788708943,0.0013182340913493313
7062.890473365647,0.024107987206780306,0.0012740194669118429
7086.501688445705,0.0243674267124981,0.0012954023809555672
7110.191835724931,0.026529898904578283,0.001287605916035857
7133.961179073358,0.03035170682761042,0.0012548414691948596
7157.809983243131,0.02996225459320695,0.001223544884030311
7181.738513871466,0.0331681640545514,0.0012155528783145547
7205.747037483605,0.035423492970157865,0.001227336183056808
7229.835821495773,0.03345738040419033,0.00124161582815202
7254.005134218174,0.03415170364828575,0.001241071515757084
7278.255244857964,0.034220230784170996,0.0012466063966054615
7302.586423522268,0.03362705448332881,0.0012237024100030713
7326.998941221176,0.036917494639893515,0.0014287102997321516
7351.493069870756,0.04009337925545927,0.0017226736180640237
7376.069082296098,0.038032871062722545,0.0015564631723771541
7400.727252234339,0.042669144003290305,0.0013917226024332268
7425.467854337722,0.0423728801723406,0.0012966091637365018
7450.291164176657,0.04180455893627813,0.0013656007679874863
7475.197458242774,0.037539196069490716,0.0013592145296555337
7500.187013952019,0.03665420795182558,0.0013245159983613934
7525.260109647734,0.031189284499212846,0.0012928495281549267
7550.4170246037675,0.035220269507705265,0.0013163289763384455
7575.658039027581,0.035069538236815766,0.001353986361901484
7600.9834340633615,0.04181495970064627,0.0013870403851008277
7626.393491795165,0.04146245158993614,0.0013573317976888397
7651.888495250046,0.04438394079776839,0.0013892654940485306
7677.468728401224,0.0447180049098434,0.0013461175042412705
7703.134476171246,0.0473801734833919,0.001384089443804567
7728.886024435141,0.04671350928421362,0.0013596041504977951
7754.723660023623,0.04699767043585974,0.0013197530804271158
7780.6476707262755,0.042856757493894955,0.0012781478621452104
7806.658345294771,0.04278731949537477,0.0012546664896447698
7832.755973446074,0.040657275879120935,0.0012360240272272598
7858.940845865665,0.03989691612973427,0.001227565004178806
7885.213254210794,0.03896777169963396,0.0012338960784273611
7911.573491113709,0.032361670626026184,0.0012122469740340036
7938.021850184939,0.029486767168360045,0.0011879703993358203
7964.558626016547,0.02798697513150617,0.001175279389193988
7991.184114185413,0.02816535375315857,0.0012756697301122063
8017.898611256533,0.026897928701235193,0.0013728091465048903
8044.702414786312,0.026082563735041465,0.0013098758258752784
8071.595823325894,0.02533825722539052,0.001379923813294886
8098.57913642448,0.025237065929453337,0.0013055652776973342
8125.652654632648,0.024351785828206105,0.0013637195352357591
8152.81667950573,0.020232504735977576,0.0013249317301773668
8180.07151360715,0.013931272262415063,0.0012457212290813112
8207.417460511802,0.005180541187832389,0.0011428072433201733
8234.854824809423,0.007635965432331638,0.0011122618940965251
8262.383912108004,0.0052425551355838014,0.0010895951658522883
8290.005029037178,0.007199678341403551,0.0010720876016745231
8317.718483251632,0.012016953538630944,0.0011920244320582224
8345.524583434553,0.0120940020455183,0.001321547624249444
8373.42363930105,0.01116679776869043,0.0012972216266190445
8401.415961601604,0.01290731862240771,0.0011543024099621984
8429.501862125539,0.017217192758609216,0.0011166897007794726
8457.681653704487,0.024903953958104026,0.0013549236285174972
8485.955650215876,0.03420798788837176,0.0014652639147225586
8514.324166586423,0.03525966935001265,0.0014359338267008253
8542.787518795645,0.03891033647888274,0.0015173273168879438
8571.346023945849,0.03809458903469326,0.001427755704421645
8600.000000000004,0.03898151616475126,0.00153189152541478
