wave,flux,sigma
3300.0000000000005,0.05095110620313961,0.03958874477307177
3311.0318870238752,0.09672487335619602,0.03898026395964842
3322.1006535769357,0.15688301443460947,0.03792023163595484
3333.2064229988164,0.08727465825209324,0.037546746010641126
3344.349318964206,0.07447072919854172,0.03712032918593963
3355.52946558699,0.11509350360029313,0.03737319244073837
3366.7469873959726,0.1664727734920632,0.03723692571238203
3378.0020093362546,0.1295843868457551,0.03559902112593038
3389.2946567706267,0.11470182048623903,0.03506010828807944
3400.6250554809667,0.16000009020818354,0.034078516146753064
3411.9933316696415,0.12439713110443607,0.03361270509705735
3423.3996119609133,0.1592433844899498,0.033761500026332186
3434.844023402349,0.11122940237200411,0.03287913649071857
3446.3266934662315,0.11698892207093597,0.03137594370916239
3457.847750050986,0.22751840344584676,0.030896063212366244
3469.4073214825994,0.1765729514258872,0.03084627044423433
3481.0055365160556,0.14724073440049384,0.029927857136323826
3492.6425243367635,0.1541095149692271,0.02941702160168818
3504.318414561997,0.30141256918688253,0.029349298637252753
3516.033337242342,0.2701430848785743,0.029493576473431607
3527.7874228631417,0.3219388936501876,0.029214809441500553
3539.5808023459526,0.2935268505865173,0.029049603860367413
3551.4136070500026,0.3086045359046907,0.02883947500388761
3563.28596877365,0.32142666842066003,0.028781330472324756
3575.198019755855,0.32628631127987706,0.028499807600202612
3587.149892677652,0.41066102301629814,0.02824039734529949
3599.1417206636297,0.4291692014789331,0.027666181092945406
3611.173637283412,0.34923954679773594,0.026919513671821348
3623.2457765531435,0.3013183650114624,0.02621160962341968
3635.3582729369846,0.3598685814207868,0.026169038579636487
3647.511261348607,0.38588479660971853,0.026273339984315663
3659.7048771527016,0.35548553911029446,0.02594789022539405
3671.9392561664827,0.3784239348252191,0.025021191967458407
3684.2145346612006,0.3550438274278155,0.02429483033368297
3696.5308493636576,0.3100677932427456,0.024058177119940075
3708.8883374577335,0.3025849689567901,0.023796298069443278
3721.2871365859164,0.207819635983664,0.023463802489116985
3733.7273848508326,0.17905658229339821,0.022983908941246883
3746.2092208167815,0.2067202088552232,0.022473449722520966
3758.7327835112833,0.1652307601247084,0.023106029364841373
3771.298212426627,0.15872500856403415,0.02363970207630056
3783.9056475214256,0.18277756634889442,0.022626958722159446
3796.555229222173,0.2205719216575388,0.02152337817294958
3809.247098424805,0.22513772346836977,0.021176676298522618
3821.981396496276,0.25766293759036735,0.020934507108658643
3834.758265276125,0.34337693847880313,0.02159261709893343
3847.577847078064,0.3992528038747517,0.02257908033502838
3860.4402846915605,0.4829125428633545,0.023342835690569046
3873.3457213834213,0.49115687794564133,0.023631837068474753
3886.294300899397,0.5397493336075154,0.023022279389678553
3899.2861674657775,0.6056914029972521,0.02265047389346245
3912.3214657910025,0.6185524947444965,0.02248347102035021
3925.4003410672735,0.6034322522666457,0.021988163801065566
3938.5229389721653,0.5996050615653458,0.021982983235571088
3951.689405670252,0.6573898018901659,0.02198576283634079
3964.8998878147377,0.6678605380940889,0.021746347779290874
3978.154532549086,0.5954485140320576,0.021329839893226104
3991.453487508664,0.536302449692641,0.020533346727141938
4004.796900822377,0.5043740105605916,0.02024145371720678
4018.18492111433,0.4683622304924424,0.019859423970438772
4031.617697505474,0.43468047161943746,0.01917080971221162
4045.0953796152735,0.42610332505074167,0.0192659415549859
4058.618117563371,0.5142865080997185,0.019903907068496252
4072.1860619712556,0.5423478151760124,0.01998964660712539
4085.799363963945,0.4805594229193157,0.019559636343694314
4099.458175171663,0.5123234118321653,0.019077780452093514
4113.162647731542,0.4310905951946092,0.018809218523385064
4126.912934289301,0.4419730129853885,0.01883478591392415
4140.709188000954,0.4758263497871678,0.018989620873520692
4154.551562534517,0.4316798179168924,0.01916894927806651
4168.440212071713,0.5007395219922439,0.019352306599334502
4182.3752913097,0.533064449197225,0.019548198863085262
4196.356955462785,0.5363943099908665,0.019292338295822963
4210.385360264156,0.47144284967628447,0.018906175983203356
4224.460661967617,0.46021794343592837,0.01854592217963911
4238.583017349324,0.47146631426155416,0.018263392712956707
4252.752583709542,0.4417624596512186,0.01798826562757618
4266.969518874386,0.4040062537525738,0.017545810366219744
4281.233981197582,0.44841273065327103,0.01734678439888824
4295.5461295622345,0.4765934021578825,0.017433639182512763
4309.906123382591,0.4440688768048291,0.017375320168885818
4324.314122605823,0.399945043275837,0.017195185641408907
4338.770287713807,0.36234227543904163,0.016847622246537537
4353.274779724901,0.3247179641594813,0.016226263302461272
4367.827760195754,0.2828934437123588,0.01609434481873945
4382.429391223097,0.3249550104451271,0.016158668882450704
4397.079835445547,0.3028129770428525,0.015852062968681094
4411.779256045427,0.23994321105169675,0.015565509044700014
4426.527816750571,0.2588407902126768,0.015680293813807773
4441.32568183616,0.3238993288283295,0.015794237402095544
4456.17301612654,0.3266515601020182,0.016057546943232047
4471.06998499707,0.37441628255310977,0.016275279348596274
4486.01675437596,0.4040051004208903,0.016254007421105603
4501.013490746111,0.37621570284442507,0.016262884671203206
4516.060361146975,0.42389201484595773,0.016497926881868314
4531.157533176423,0.504928878923111,0.016851126382426414
4546.3051749926035,0.5467596430849633,0.017049233556533705
4561.503455315809,0.563249801365855,0.017346312122780354
4576.752543430374,0.6098817353681175,0.01744437040065285
4592.052609186547,0.6203954455696836,0.017782562248612386
4607.403823002376,0.6131861647789763,0.018135178292439276
4622.8063558656295,0.6287552024887076,0.01811786217578939
4638.260379335682,0.5681465147134614,0.01826080761093658
4653.766065545426,0.5493734149496974,0.0188551104465428
4669.323587203196,0.44961296421392205,0.019163846362602918
4684.933117594696,0.408561405827299,0.019691068989174727
4700.594830584916,0.38173085117050704,0.021007101276474635
4716.308900620076,0.39333893616912036,0.02286730243688407
4732.075502729573,0.4010510517543784,0.024656437032130295
4747.894812527928,0.3381532484302302,0.025609332575671422
4763.767006216733,0.2510976310429204,0.02526910162399313
4779.692260586626,0.25451572376467596,0.024146327836809638
4795.67075301926,0.33399917408207946,0.023881277256606118
4811.702661489265,0.336025793121828,0.035272205031265616
4827.7881645662455,0.4137472443979697,0.05369476196066479
4843.927441416762,0.2998172264630201,0.04567593564999389
4860.120671806329,0.3274839121740852,0.03664787974446657
4876.368036101411,0.30195840226527415,0.02978616087870823
4892.669715271444,0.3297027914521752,0.026694952596564195
4909.025890890844,0.3632846945358083,0.025999049475068436
4925.436745141022,0.3791322473247978,0.025930990896120897
4941.902460812428,0.38471153101994426,0.025162340218324142
4958.423221306581,0.41048805653741094,0.023721508969905807
4974.999210638101,0.3313759753297276,0.022138615013785848
4991.630613436779,0.2981571940216386,0.020569234651742194
5008.317614949616,0.30391623841253634,0.019146889617858164
5025.060401042893,0.29581513483105826,0.0180962033626105
5041.8591582042445,0.26775007262385697,0.017253459939784745
5058.71407354473,0.3154494222640931,0.016451170303292604
5075.625334800925,0.30625527977836187,0.015995997291618262
5092.593130337,0.31167343050029084,0.01546986712126295
5109.61764914683,0.32195959146291947,0.014938787693985357
5126.699080856102,0.3358089102443895,0.014675835822465467
5143.837615724411,0.36169852690945914,0.014309306433540782
5161.033444647393,0.3471032575174599,0.014145347754370574
5178.286759158847,0.39813022520309704,0.014023633002810808
5195.59775143287,0.43868801528910867,0.01409624423526799
5212.966614285993,0.45299660816347087,0.014524522217175704
5230.393541179339,0.44027114188687855,0.014176396145910654
5247.878726220767,0.44936849792166117,0.01297906266920866
5265.4223641670305,0.44029501871019616,0.012683540501542785
5283.024650425963,0.40730113259009604,0.012434462817312175
5300.685781058646,0.3814617693269776,0.01214128635868634
5318.405952781588,0.40794140113824506,0.011816932165216473
5336.185362968923,0.40269204818289084,0.01143927326958324
5354.024209654601,0.3657049704374927,0.011042869084706907
5371.922691534604,0.36413524025390887,0.010792583167797867
5389.88100796915,0.37084518709742975,0.010586316931379755
5407.899358984922,0.3606929311672534,0.0103246027523244
5425.977945277293,0.34650272710533847,0.010148633790294024
5444.116968212549,0.3362417553596037,0.00991204943811015
5462.316629830153,0.30258433915210114,0.009621664435808412
5480.577132844979,0.2764949142236096,0.009564333822904506
5498.89868064958,0.28998259496449336,0.009813057803462404
5517.28147731645,0.3040580346578642,0.009654266685112236
5535.725727600293,0.30706985873729,0.009224455633342519
5554.23163694031,0.31377238078207337,0.009137617778298388
5572.79941146248,0.31674037454518583,0.009021877626580682
5591.429257981867,0.2983116771676436,0.00877126708852504
5610.121384004915,0.2995390289530243,0.008605416764916862
5628.875997731756,0.3083904244687583,0.008491424484077224
5647.69330805854,0.3001770904883261,0.008313678484631102
5666.573524579752,0.28483202991155043,0.008158630695078498
5685.516857590555,0.25834399706660255,0.007925763079810237
5704.523518089128,0.26708359533690934,0.007770568165275058
5723.593717779009,0.2567539441139697,0.0077093715356653485
5742.727669071467,0.27292556771280474,0.007578130341237149
5761.925585087854,0.2658668733567189,0.007494005439782332
5781.187679661996,0.2684004807480825,0.007438449137314125
5800.5141673425605,0.2933008793190196,0.007474370836061115
5819.905263395445,0.2948880974459876,0.007527880041498086
5839.361183806187,0.30549987530088796,0.0074861040315643375
5858.882145282354,0.31926545988851723,0.007432629979769006
5878.468365255977,0.3285656125972659,0.007560634340060267
5898.12006188596,0.31609204202499974,0.007505021023396021
5917.837454060502,0.3202884479229099,0.007200280277037637
5937.620761399551,0.31712689692251916,0.007029959718824026
5957.470204257241,0.2926358275177345,0.006832490897408869
5977.386003724353,0.28026470058561437,0.006620351665285028
5997.368381630775,0.2759607252786782,0.006499743315918943
6017.417560547961,0.26874413312925416,0.006400167329009454
6037.533763791432,0.2561878063819024,0.0063767832412388896
6057.717215423248,0.2459485810047245,0.006324222927065908
6077.968140254503,0.2397920920159162,0.006269081120244145
6098.286763847838,0.23964098969916403,0.0061641647643114385
6118.673312519953,0.19278568524059742,0.005877641981952709
6139.128013344114,0.13240271294307593,0.0055657208984866546
6159.651094152697,0.12558960678374964,0.005411936796546764
6180.242783539723,0.13127330061436865,0.005337017238782154
6200.903310863401,0.15947463561384698,0.005333203129194508
6221.632906248681,0.18509783536913116,0.005411258620763048
6242.431800589825,0.1859490528050677,0.005369451566921856
6263.300225552964,0.2029569905307539,0.00538344188069736
6284.238413578695,0.22671871330915563,0.0054287574790589516
6305.246597884667,0.2310182215351929,0.00540439866792417
6326.325012468166,0.23775024230197842,0.00536491961503125
6347.4738921087355,0.22595435549471313,0.005338813777606909
6368.693472370778,0.228857920588641,0.005379650497327707
6389.9839896061985,0.22657782620726816,0.005379008727857803
6411.345680957023,0.21822928074398407,0.005640898950352532
6432.7787843580345,0.23099858379396623,0.005834267777798678
6454.283538539437,0.22803835999103433,0.005536049740579649
6475.860183029508,0.2160943246219895,0.005318724015714206
6497.508958157264,0.20235617020530938,0.005199104360253353
6519.230105055148,0.21420378699380604,0.0051579195789924325
6541.023865661702,0.20163297948960612,0.00507703423938565
6562.890482724266,0.19414594958515405,0.004983875730694513
6584.830199801685,0.1957976918413578,0.004863563236616797
6606.843261267024,0.17670607110912465,0.004757802759782524
6628.929912310285,0.17129347996807415,0.004667255759589782
6651.0903989411345,0.17126569310870376,0.00464034488904169
6673.324967991654,0.15051188579574898,0.0045862120425720285
6695.633867119077,0.1352770753791352,0.004547978299827195
6718.017344808559,0.1517574266584192,0.004618781366296108
6740.475650375945,0.13105954627585942,0.004531112303530074
6763.009033970533,0.14678335750543114,0.004970270621434063
6785.617746577873,0.1299090326158001,0.005151770708583567
6808.302040022556,0.14322431865916674,0.004959211558999974
6831.062166971027,0.1256204871054576,0.004792829751172151
6853.898380934393,0.1289602581468683,0.004799485314578401
6876.81093627124,0.11153396040157057,0.004682148554996529
6899.8000881904845,0.11284666595692748,0.004511610545164259
6922.866092754194,0.10851278510453959,0.004340144888440089
6946.0092068804615,0.11438757417099465,0.004253604398486383
6969.229688346255,0.10862448951306235,0.004241728228741239
6992.52779579028,0.11756412134811614,0.004345427774837396
7015.903788715879,0.10730073740607078,0.0042748167665821344
7039.357927493908,0.10528665887553558,0.004275662646373919
7062.890473365647,0.1054072146246727,0.00418141180127396
7086.501688445705,0.09624884487141165,0.0046994820548564905
7110.191835724931,0.09707435145696788,0.006401184641558733
7133.961179073358,0.0974603762069768,0.006003869410957571
7157.809983243131,0.0953383798541682,0.004852223701104379
7181.738513871466,0.09926461101462056,0.004188745144920839
7205.747037483605,0.09976521935691371,0.004522275861337841
7229.835821495773,0.09259295850078034,0.004690910611297673
7254.005134218174,0.09519823449400666,0.004553853748277783
7278.255244857964,0.09588324374252385,0.004514509709634683
7302.586423522268,0.0955848440951049,0.00470467274602565
7326.998941221176,0.09370541631528662,0.004697769643912573
7351.493069870756,0.08526508675528631,0.0047943469972145485
7376.069082296098,0.08986769125934911,0.004637613598797898
7400.727252234339,0.07160762672639495,0.004816842539034794
7425.467854337722,0.08417741068468612,0.004479728163169333
7450.291164176657,0.06364496397401867,0.004547737135972059
7475.197458242774,0.06505736885020873,0.00454121950430735
7500.187013952019,0.05026096597762255,0.004320793965499838
7525.260109647734,0.06735729517761926,0.004238262235385114
7550.4170246037675,0.05629274717594683,0.0040759544859576054
7575.658039027581,0.06590235464409258,0.004028710949357196
7600.9834340633615,0.05536087974518788,0.003983692356087937
7626.393491795165,0.06905726289926492,0.004086306639872572
7651.888495250046,0.05418180910694943,0.004143453889936168
7677.468728401224,0.06036021900034995,0.004122123054227602
7703.134476171246,0.061352817720407384,0.00411179269995117
7728.886024435141,0.06575889726473151,0.00443262133478751
7754.723660023623,0.0705498513076979,0.005063626028512122
7780.6476707262755,0.07430452219779435,0.004656340535363061
7806.658345294771,0.07914859218589518,0.005187735258315249
7832.755973446074,0.07208487501906846,0.0047081262569125355
7858.940845865665,0.08078398805300849,0.0049994371845056545
7885.213254210794,0.07947695545067923,0.005029972426101687
7911.573491113709,0.06909771958269095,0.004739304159042254
7938.021850184939,0.06902734987304068,0.004500601350468533
7964.558626016547,0.056499590818204014,0.004219116541594889
7991.184114185413,0.06281709911800262,0.004109902520413852
8017.898611256533,0.0519976249156199,0.0039908182262877855
8044.702414786312,0.041330269414662175,0.004094874702548142
8071.595823325894,0.03636369851392472,0.004562075572745828
8098.57913642448,0.04614204529387654,0.004657877369804188
8125.652654632648,0.037469352411099,0.004140154865524608
8152.81667950573,0.04578781564498454,0.0039037345431134807
8180.07151360715,0.047532074343216435,0.004610351210709468
8207.417460511802,0.03543476434740587,0.00537845582679016
8234.854824809423,0.030494347825645737,0.004870988848094379
8262.383912108004,0.0517712916382323,0.005503779343569994
8290.005029037178,0.03872085822630728,0.0048808411984576664
8317.718483251632,0.06393915412690546,0.005397229422897234
8345.524583434553,0.047438708514306205,0.005384805581231654
8373.42363930105,0.044688620964064035,0.005125018878430865
8401.415961601604,0.050334904782358705,0.005052333757554629
8429.501862125539,0.06020024312811865,0.005021894633730087
8457.681653704487,0.07465629100008697,0.004908576674115988
8485.955650215876,0.08431725575970717,0.004859947322842699
8514.324166586423,0.09029411325763888,0.004929671079603125
8542.787518795645,0.09277505437996755,0.004896391742452015
8571.346023945849,0.0794447379751253,0.004928339702303422
8600.000000000004,0.09640935281198945,0.004948245126827045
