wave,flux,sigma
3300.0000000000005,0.022249435971227097,0.008880522939453066
3311.0318870238752,0.020308983326966304,0.008748250175049627
3322.1006535769357,0.03507812762259203,0.008922595086930225
3333.2064229988164,0.029615114229344083,0.009056015510083264
3344.349318964206,0.025837528774433953,0.00880260992884714
3355.52946558699,0.010057560884345448,0.008418205209685807
3366.7469873959726,0.006989151589183287,0.008201036192023664
3378.0020093362546,0.04006008022948862,0.007934758053937323
3389.2946567706267,0.03031100999249716,0.00815492923645036
3400.6250554809667,0.0484623341290949,0.007991821638953168
3411.9933316696415,0.029798414968536947,0.007800396412661902
3423.3996119609133,0.030939195339789217,0.007744525545307585
3434.844023402349,0.04112732434226798,0.00762289277976636
3446.3266934662315,0.033582111997690504,0.007243447762824214
3457.847750050986,0.022975514458047196,0.006961973521804427
3469.4073214825994,0.0028331084245060297,0.007071456357890869
3481.0055365160556,0.007218256222488178,0.00707622802692566
3492.6425243367635,0.016028552078628442,0.007115614959269466
3504.318414561997,0.02227801274022429,0.006932208090641744
3516.033337242342,0.01625184581217653,0.006878968037775097
3527.7874228631417,0.021300950972069625,0.006743963794256701
3539.5808023459526,0.0178184559364465,0.0065767181255857905
3551.4136070500026,0.02329273892779492,0.006453322796258479
3563.28596877365,0.02481353323207776,0.006447344373955135
3575.198019755855,0.03881908347989341,0.0064691231258782525
3587.149892677652,0.05104062939560011,0.00648813184034281
3599.1417206636297,0.052376296990396295,0.006500884342123954
3611.173637283412,0.05256891423207548,0.006459966563467682
3623.2457765531435,0.04012354283432405,0.006373322239334936
3635.3582729369846,0.045354495661941954,0.0062322797663770056
3647.511261348607,0.043259191238516195,0.006058861238417396
3659.7048771527016,0.042290158612981535,0.005946094985226825
3671.9392561664827,0.05477862705646844,0.005935100452536878
3684.2145346612006,0.06169982620024442,0.0059107833896617935
3696.5308493636576,0.05646860627459721,0.005865371653819441
3708.8883374577335,0.04757830760017507,0.005862668202295416
3721.2871365859164,0.043991899966342805,0.00620390980017294
3733.7273848508326,0.050392900593904194,0.006170744984490177
3746.2092208167815,0.04524087151093671,0.005835762652387123
3758.7327835112833,0.04253152949339233,0.005538951820203877
3771.298212426627,0.03272818389343815,0.005374147849282369
3783.9056475214256,0.03176825938669371,0.005201612345568705
3796.555229222173,0.02428413220182212,0.005142702887913547
3809.247098424805,0.024266855159762096,0.005250336661850252
3821.981396496276,0.04037245641683275,0.005423813447103498
3834.758265276125,0.048616355737651974,0.00565087133796689
3847.577847078064,0.054050425222004816,0.005639035544039376
3860.4402846915605,0.06826419399775607,0.005499329090636619
3873.3457213834213,0.06709462254991813,0.005432815796633168
3886.294300899397,0.0818600945068854,0.005355686478567909
3899.2861674657775,0.08555547582342007,0.005336563727393706
3912.3214657910025,0.08811875019969607,0.005373846881796044
3925.4003410672735,0.09056106667571955,0.005386093960808819
3938.5229389721653,0.09020277243835154,0.005407151631313964
3951.689405670252,0.09925545574141698,0.005354563049968333
3964.8998878147377,0.09237343858046967,0.005253452557975904
3978.154532549086,0.07610883909040447,0.0051752888732296675
3991.453487508664,0.08054824598806283,0.005056941221188009
4004.796900822377,0.08169972486571342,0.004983896436074746
4018.18492111433,0.059308200662321904,0.004922509457078738
4031.617697505474,0.0672157986829309,0.004708957856648708
4045.0953796152735,0.055463476121152294,0.004716034258732833
4058.618117563371,0.05528605223666672,0.004800965898515981
4072.1860619712556,0.06269404256912382,0.004830162126399657
4085.799363963945,0.05504296299037199,0.004735600740940145
4099.458175171663,0.055458279189823975,0.0046400774060519285
4113.162647731542,0.05366392590512417,0.004635241947540596
4126.912934289301,0.05536201852625873,0.004617585876546972
4140.709188000954,0.049171492236107325,0.004629088136866155
4154.551562534517,0.056534638832734595,0.004719143809975868
4168.440212071713,0.06150833948480278,0.004777962002287755
4182.3752913097,0.05911536382067921,0.004735826457632577
4196.356955462785,0.05455520196646245,0.004676936694213816
4210.385360264156,0.056197580187626425,0.004660633214431563
4224.460661967617,0.0658900744859948,0.004623701110198115
4238.583017349324,0.06467238079852602,0.004621016376469465
4252.752583709542,0.0664026757628621,0.0045803146502053855
4266.969518874386,0.06942727679591806,0.004547434836682322
4281.233981197582,0.06839356444591471,0.004504020711297296
4295.5461295622345,0.06488212594061016,0.004479242985239395
4309.906123382591,0.06372080521049041,0.004510041414181622
4324.314122605823,0.056157924964491346,0.004517195439732674
4338.770287713807,0.052329613237204836,0.004422752344061539
4353.274779724901,0.0428671677122124,0.0042514073361630015
4367.827760195754,0.03432972995310326,0.004174919583632754
4382.429391223097,0.04354546892854576,0.004172216213281197
4397.079835445547,0.03697537454770318,0.004128610545875288
4411.779256045427,0.03919431056525449,0.004087505387971032
4426.527816750571,0.026269656871591246,0.0040680568139512905
4441.32568183616,0.041910791877915986,0.004088890613511654
4456.17301612654,0.043013095287214094,0.004167894204586914
4471.06998499707,0.0473197520123656,0.004143978501388814
4486.01675437596,0.04855736893747929,0.004193492844241048
4501.013490746111,0.057846846113211205,0.004287343678005843
4516.060361146975,0.06657996648384243,0.004391575417784841
4531.157533176423,0.0763770512187276,0.004489557668875032
4546.3051749926035,0.09152483365073352,0.004580963132489616
4561.503455315809,0.10543246076903875,0.0047939785054708665
4576.752543430374,0.11533301873593362,0.004918651339395824
4592.052609186547,0.12654581056063455,0.005052914955326628
4607.403823002376,0.13793859912704537,0.005248302048757985
4622.8063558656295,0.13593769081123808,0.005369584064604693
4638.260379335682,0.12440219118605715,0.005407650900240803
4653.766065545426,0.08150703733481043,0.005433336502851596
4669.323587203196,0.06159899908440754,0.005643930694829964
4684.933117594696,0.06802747405369122,0.0060616599671185715
4700.594830584916,0.0725761487589408,0.006488776092928811
4716.308900620076,0.05694592576105352,0.0067273632819631925
4732.075502729573,0.050380901166118194,0.006817989002420807
4747.894812527928,0.0618032824637925,0.006900425215050229
4763.767006216733,0.056197058607638135,0.006811898465620225
4779.692260586626,0.057107276473632104,0.006684315594252795
4795.67075301926,0.07169668482981624,0.00653727135308761
4811.702661489265,0.06680742483413085,0.006681521430893448
4827.7881645662455,0.06461135294955557,0.007086708008931215
4843.927441416762,0.06606792859193375,0.008621681529938013
4860.120671806329,0.07752675243290777,0.008034349458150443
4876.368036101411,0.05796974591855602,0.007200061742393895
4892.669715271444,0.07829872888664506,0.007095731856135539
4909.025890890844,0.10708859363878208,0.007225412309144511
4925.436745141022,0.1131472799820316,0.007283263225722212
4941.902460812428,0.11087859943061482,0.006919228536519797
4958.423221306581,0.08042787192329061,0.006248426911299939
4974.999210638101,0.08154938606495632,0.005669898749438438
4991.630613436779,0.05424129470258003,0.005300838280264728
5008.317614949616,0.06938829049069944,0.004951547006406138
5025.060401042893,0.061300508648932744,0.004767456763210428
5041.8591582042445,0.05392026295635849,0.004496236118642016
5058.71407354473,0.05239247691618684,0.004236022881400165
5075.625334800925,0.04457761183865837,0.004055990715173869
5092.593130337,0.04898395655545884,0.003935678620226679
5109.61764914683,0.054275512658866036,0.0038047673357303473
5126.699080856102,0.05523255958947145,0.0037028832183806405
5143.837615724411,0.06091349949278522,0.0035943640318996492
5161.033444647393,0.05597059044186252,0.0035604282436837065
5178.286759158847,0.054604218945611196,0.0035367613066481147
5195.59775143287,0.06979144225274005,0.003510098116703003
5212.966614285993,0.08786001736374348,0.0036196010309584464
5230.393541179339,0.08767447404913392,0.004164954289003144
5247.878726220767,0.10034785866439239,0.004124091038931557
5265.4223641670305,0.10945754912706693,0.0037599614908591507
5283.024650425963,0.12593386880121948,0.0035607708713797656
5300.685781058646,0.11464965625170573,0.0034926194862427086
5318.405952781588,0.11486170961422448,0.003400927418301799
5336.185362968923,0.11874135218747678,0.0033543126331630267
5354.024209654601,0.12854610524010351,0.0033444213601509947
5371.922691534604,0.13927158943518864,0.0033120074913587593
5389.88100796915,0.1487460666695074,0.0033023568774324967
5407.899358984922,0.1518858346813427,0.003294469445344633
5425.977945277293,0.1541442557799199,0.0032694719502940443
5444.116968212549,0.1537425603128602,0.0032506762295547486
5462.316629830153,0.1555481271998111,0.0032447738474861193
5480.577132844979,0.16831373431906776,0.00330201885445187
5498.89868064958,0.18615503702902264,0.0033631583451203127
5517.28147731645,0.19581558369057084,0.0033609264046716497
5535.725727600293,0.1829445577319833,0.003394871680209983
5554.23163694031,0.18978929175295967,0.0033400941502475055
5572.79941146248,0.1735958007564783,0.003166080748278232
5591.429257981867,0.1617075099200767,0.003036172634137108
5610.121384004915,0.16938152043654706,0.0029546597426933613
5628.875997731756,0.1316328991706526,0.0028508464875051567
5647.69330805854,0.13173649132266507,0.0026603188846828717
5666.573524579752,0.10936366217236909,0.002541670834556971
5685.516857590555,0.0991910572131103,0.0024447526105538047
5704.523518089128,0.08911459396326027,0.002389109622140283
5723.593717779009,0.09810023759188699,0.0023585938597068677
5742.727669071467,0.09634756622785921,0.002349833455901915
5761.925585087854,0.10655947221169366,0.0023878067916682476
5781.187679661996,0.11015239975904259,0.002388945706247087
5800.5141673425605,0.11629895844233336,0.0023927120683984973
5819.905263395445,0.12567264641281534,0.002424141408117593
5839.361183806187,0.13335964299792835,0.0024255218137215298
5858.882145282354,0.13595613364701767,0.0024553748434490656
5878.468365255977,0.14861445786742472,0.002485101839588719
5898.12006188596,0.13916109061387716,0.0025001644056261113
5917.837454060502,0.13273672204713058,0.002707840457012086
5937.620761399551,0.10428441006115158,0.0025434832470835524
5957.470204257241,0.0991354490571077,0.002152639207140623
5977.386003724353,0.09046183697408669,0.002156968577188527
5997.368381630775,0.07703835397629907,0.0020577765055348825
6017.417560547961,0.07444158005158515,0.0018975062810808094
6037.533763791432,0.06921905828868273,0.0018615994899585065
6057.717215423248,0.07550650253484562,0.001884200867350664
6077.968140254503,0.07613019638645228,0.0019013866151148672
6098.286763847838,0.06479038307814854,0.0018459625302261508
6118.673312519953,0.06348620494411143,0.0017654582254627382
6139.128013344114,0.06188609805071604,0.001756760547585874
6159.651094152697,0.07510184321716529,0.0018483313522634072
6180.242783539723,0.08210818824309285,0.0018628416482521235
6200.903310863401,0.08246257387379458,0.0018061314746793406
6221.632906248681,0.08295925996113364,0.0017746283498300181
6242.431800589825,0.07667111255264322,0.001743961774888091
6263.300225552964,0.07958442317871829,0.0017128547841432206
6284.238413578695,0.07482716891517614,0.0016960305487298362
6305.246597884667,0.08400581121566623,0.001713068944532214
6326.325012468166,0.09011784292504837,0.001724068669179763
6347.4738921087355,0.09190219996371692,0.00174646266568091
6368.693472370778,0.10267652990560154,0.0017785182892252054
6389.9839896061985,0.11309687372702601,0.0018038742245201627
6411.345680957023,0.11950993161493867,0.0019231548379839026
6432.7787843580345,0.13699826476469956,0.0019921579074047915
6454.283538539437,0.1431768932505883,0.002077184173997893
6475.860183029508,0.1424118788471191,0.002099105130035046
6497.508958157264,0.14751624127195873,0.002054448648255447
6519.230105055148,0.1445487032152294,0.002025371707165335
6541.023865661702,0.14295082905617518,0.001978020524163208
6562.890482724266,0.1407473050433699,0.001933919132208631
6584.830199801685,0.13504259943476232,0.001857699821344219
6606.843261267024,0.12655565203079402,0.001791489831545374
6628.929912310285,0.11660058882177002,0.0017570306559834224
6651.0903989411345,0.10459773087990679,0.0017143114035702543
6673.324967991654,0.09151603215435901,0.0016375525654194524
6695.633867119077,0.08519643269321553,0.0015615207376583225
6718.017344808559,0.07166645057508278,0.0015164840695207663
6740.475650375945,0.06778059233332753,0.0014743165271015775
6763.009033970533,0.06656724596213556,0.0014719046339881027
6785.617746577873,0.05993067735532001,0.0015008839195542658
6808.302040022556,0.05743566173579548,0.001668267136202722
6831.062166971027,0.059968311158751106,0.0017091477166224329
6853.898380934393,0.062396457408317,0.0016748406574351633
6876.81093627124,0.06208980478284616,0.0016349713144331317
6899.8000881904845,0.056343502978006096,0.0016404859079297868
6922.866092754194,0.058114531005195674,0.0015796534625276749
6946.0092068804615,0.0492936529977839,0.0015023660339866113
6969.229688346255,0.04981696511753348,0.0014094353623256407
6992.52779579028,0.04817775108717019,0.0013681513480523172
7015.903788715879,0.04706362442761894,0.0013991382462132517
7039.357927493908,0.047279506536204004,0.0013894022537114042
7062.890473365647,0.04574529051084872,0.001391213414264753
7086.501688445705,0.04656527964262354,0.001425710279243486
7110.191835724931,0.04960123776319177,0.0014117999608226073
7133.961179073358,0.04874438084589107,0.0018058692081713338
7157.809983243131,0.05316314028844235,0.0020845845556958986
7181.738513871466,0.0500707441628004,0.001765045534624864
7205.747037483605,0.059288441668642285,0.001529274062187315
7229.835821495773,0.060417140133433425,0.0014793400872886325
7254.005134218174,0.06427647908136111,0.0016964885207642192
7278.255244857964,0.06184290306397823,0.0017123646889052773
7302.586423522268,0.06983553469794135,0.0017007918410441066
7326.998941221176,0.06842670805814555,0.001684754166573975
7351.493069870756,0.07065449532749021,0.001714989161029633
7376.069082296098,0.07255083426882324,0.0018092719748674102
7400.727252234339,0.07529806769657799,0.0018701975177982926
7425.467854337722,0.06793667051366699,0.0017993374539305546
7450.291164176657,0.07390922640233163,0.001813635795922031
7475.197458242774,0.0659106940837329,0.001690844593081286
7500.187013952019,0.07061603363724916,0.001784044508548413
7525.260109647734,0.061525825963262164,0.0017082720797808998
7550.4170246037675,0.06805402799385252,0.00163317837695725
7575.658039027581,0.06365495675655919,0.0015558786637403365
7600.9834340633615,0.07096402519486122,0.0015405399572843653
7626.393491795165,0.07207514584518852,0.0015141976160152157
7651.888495250046,0.0765003111857485,0.0015351120158444865
7677.468728401224,0.07729403214453784,0.001562344840876786
7703.134476171246,0.07854345022479478,0.0015499785368144725
7728.886024435141,0.08092569327622981,0.001535589015574245
7754.723660023623,0.07586223924330204,0.0015213318570805137
7780.6476707262755,0.07585334579522957,0.0018372054823670256
7806.658345294771,0.07463760865781224,0.001912350722227752
7832.755973446074,0.0679817351574348,0.0018540164731777778
7858.940845865665,0.06909193118102483,0.0019243027699187307
7885.213254210794,0.05853782357245119,0.0017760340460105878
7911.573491113709,0.04975204315092986,0.0019197683209957643
7938.021850184939,0.044103581979069745,0.001792635229029659
7964.558626016547,0.04519350040796672,0.0016536816498151712
7991.184114185413,0.04170018241570482,0.0015257385358944042
8017.898611256533,0.038680426791853934,0.0014274922852960264
8044.702414786312,0.03249528276618649,0.0013500814702119637
8071.595823325894,0.034916446136708176,0.0012992765659748345
8098.57913642448,0.033505127750340626,0.001473590400966097
8125.652654632648,0.02306012931361913,0.0016085689096555476
8152.81667950573,0.017393619508889298,0.0014803616751340957
8180.07151360715,0.009780798802611028,0.001158393433110326
8207.417460511802,0.008045572531499696,0.0010881143791468008
8234.854824809423,0.014051313499139389,0.0017813136052356518
8262.383912108004,0.015471681055558238,0.0017262963117289439
8290.005029037178,0.015525381304399701,0.0018123282443053414
8317.718483251632,0.013055891317865723,0.0018597878982632777
8345.524583434553,0.018256450702872982,0.001704401948898973
8373.42363930105,0.01468451770014553,0.0019463565890285844
8401.415961601604,0.019945127282784785,0.0018560054574386744
8429.501862125539,0.0341515769983868,0.0017973977776244696
8457.681653704487,0.05971386957228634,0.001799880245543937
8485.955650215876,0.06546535660723758,0.0017293879653422083
8514.324166586423,0.06657672473016543,0.0017206790164880814
8542.787518795645,0.07095889569957749,0.0016854507647103111
8571.346023945849,0.0717625969845634,0.0016713055312811346
8600.000000000004,0.06823489935975456,0.0016857925966253125
