wave,flux,sigma
3300.0000000000005,0.023939689325994544,0.004938945793364753
3311.0318870238752,0.03710057183738434,0.004778046243945147
3322.1006535769357,0.029707161461398148,0.00457008624716669
3333.2064229988164,0.01990121264704199,0.00445953836567104
3344.349318964206,0.031265469909298065,0.004410085364399591
3355.52946558699,0.03926801538877348,0.00440216491499686
3366.7469873959726,0.040879057530436205,0.004375850852001151
3378.0020093362546,0.04843142801764347,0.00429670486719671
3389.2946567706267,0.04584242758625637,0.004305492693931893
3400.6250554809667,0.03821054388399951,0.004163557440973962
3411.9933316696415,0.042358243356111415,0.003918865463642941
3423.3996119609133,0.05010875642204031,0.003926540947103409
3434.844023402349,0.0450589952953475,0.00397967365697184
3446.3266934662315,0.04454365918917895,0.003881218787738818
3457.847750050986,0.03948935492186467,0.0038721409266930028
3469.4073214825994,0.04639420508815478,0.0038165786266561655
3481.0055365160556,0.05365366536636346,0.0037544230996865604
3492.6425243367635,0.053797822101322404,0.0036235596347979054
3504.318414561997,0.06137747419554705,0.0035383102567779863
3516.033337242342,0.06054812193741766,0.003546108501959526
3527.7874228631417,0.06368914521410149,0.0035700154972949177
3539.5808023459526,0.06485987039217217,0.003593786402692272
3551.4136070500026,0.07382811314450652,0.003552428125496481
3563.28596877365,0.0734548874112657,0.0035314827668477696
3575.198019755855,0.08009942976209514,0.0034520136138109043
3587.149892677652,0.06967902372278567,0.0034347392439979096
3599.1417206636297,0.07117155777880835,0.0033918346642255264
3611.173637283412,0.07516531391641357,0.0033851836332841672
3623.2457765531435,0.07603299777407616,0.003387354357654021
3635.3582729369846,0.09040574859673141,0.003356895014101494
3647.511261348607,0.08663672965532629,0.0033174946122254616
3659.7048771527016,0.10835698215077098,0.003268653763001169
3671.9392561664827,0.10590743889021251,0.003213798710175507
3684.2145346612006,0.09833754172374556,0.003070203924672844
3696.5308493636576,0.08469284329740714,0.003012156765931952
3708.8883374577335,0.09111340528193917,0.0030027080565696407
3721.2871365859164,0.08399174521558264,0.0030610400239399964
3733.7273848508326,0.07480164464744805,0.002958470477209462
3746.2092208167815,0.07122913142572973,0.0028397929828208953
3758.7327835112833,0.07517585979101721,0.0028230513303360073
3771.298212426627,0.06696650745861915,0.0028040186724828074
3783.9056475214256,0.06700337239279712,0.002688324893569919
3796.555229222173,0.06665406533403023,0.0027037774328963113
3809.247098424805,0.08795884836672069,0.002765959336493443
3821.981396496276,0.08650069688205536,0.0028168565742521115
3834.758265276125,0.10987061087372427,0.002898900483862643
3847.577847078064,0.12317511996639638,0.0030318898515102975
3860.4402846915605,0.14308451932851654,0.0032183438679665504
3873.3457213834213,0.1742828882470823,0.0033233685735034055
3886.294300899397,0.17663653475996113,0.0033069055421322503
3899.2861674657775,0.20327728215209548,0.003226936495434016
3912.3214657910025,0.21545648302342874,0.0032321356414408433
3925.4003410672735,0.2128867456514826,0.003165708416012431
3938.5229389721653,0.20571208945808983,0.003130605042405684
3951.689405670252,0.19777611055641894,0.0031180629996239865
3964.8998878147377,0.17906111190753504,0.003048890207751725
3978.154532549086,0.15758441124985853,0.002975406059160158
3991.453487508664,0.1489224182212953,0.0028615860710046116
4004.796900822377,0.14161195285013126,0.002765656459946658
4018.18492111433,0.1361492447967565,0.002702768664607892
4031.617697505474,0.12875191234633787,0.0026137057039317293
4045.0953796152735,0.12028434276834331,0.0025307596181926373
4058.618117563371,0.1221986345084002,0.002539502105432669
4072.1860619712556,0.1209385359183416,0.0025304061365361637
4085.799363963945,0.11611263668088344,0.002466941217094921
4099.458175171663,0.12462979971040196,0.002432191469029809
4113.162647731542,0.12754187361807412,0.00243696373695309
4126.912934289301,0.1249703350230594,0.0024545086008433796
4140.709188000954,0.13678949102454208,0.0025036135343001896
4154.551562534517,0.14731328048793826,0.002540022782635623
4168.440212071713,0.14623347636339823,0.002542152850004477
4182.3752913097,0.14658358414797792,0.0025296488744883834
4196.356955462785,0.14418192144925385,0.0025156507693371547
4210.385360264156,0.14706608855849762,0.0025034326479157995
4224.460661967617,0.14665226169078383,0.0025015275583750458
4238.583017349324,0.14864747081249718,0.002484464430737683
4252.752583709542,0.14608677760192867,0.002445552433423725
4266.969518874386,0.14723775496296662,0.0024241590214986323
4281.233981197582,0.1555338296272744,0.0024191618074730415
4295.5461295622345,0.15267453757057137,0.0023937222494294333
4309.906123382591,0.13876767980885873,0.0023350726845927394
4324.314122605823,0.11990985405524929,0.0022795587501341593
4338.770287713807,0.11280079705780269,0.002211782972926545
4353.274779724901,0.1019773742080248,0.0021108275033191407
4367.827760195754,0.08563075467052722,0.0020388157271341743
4382.429391223097,0.07895604137583498,0.0020016233709832967
4397.079835445547,0.07770631536683227,0.0019685905801381533
4411.779256045427,0.08215416402808493,0.0019828215062689634
4426.527816750571,0.08492034787664118,0.0019910881684390607
4441.32568183616,0.09131055557825686,0.002004379312370015
4456.17301612654,0.10273531231121749,0.002060144026124994
4471.06998499707,0.10746301522252447,0.002094454581679444
4486.01675437596,0.12709513851135573,0.0021765895709322425
4501.013490746111,0.15188561376539278,0.0022677497463003127
4516.060361146975,0.17518204742547583,0.0023594718875295426
4531.157533176423,0.20205714122678853,0.002454341925669271
4546.3051749926035,0.22542931734185545,0.0025194211744140067
4561.503455315809,0.2555152417186185,0.0026049466369494523
4576.752543430374,0.26506820409778853,0.0026460981213644293
4592.052609186547,0.28307539651230174,0.002672372572322024
4607.403823002376,0.27678488251405087,0.0026685583152479195
4622.8063558656295,0.2525177465383897,0.0025738130955649096
4638.260379335682,0.22705055541489017,0.002461326682386414
4653.766065545426,0.1980972396762663,0.002387243552154375
4669.323587203196,0.17858640521846234,0.002306317619726339
4684.933117594696,0.15926349832964445,0.002194592627852547
4700.594830584916,0.13741682661794935,0.0020753219961902633
4716.308900620076,0.1131255210981385,0.0019796714533100545
4732.075502729573,0.09660832269802894,0.0019420092953094156
4747.894812527928,0.09849057691078955,0.0019498329268922503
4763.767006216733,0.10467770803867865,0.002002951460510118
4779.692260586626,0.1095725486921737,0.0020688236832546152
4795.67075301926,0.10222202940101323,0.0021145992115228517
4811.702661489265,0.10112535889117769,0.0021654622362754445
4827.7881645662455,0.10031389005789355,0.0022695749068200187
4843.927441416762,0.09883455677703648,0.0024267876024182677
4860.120671806329,0.11056506711293622,0.002630456360137765
4876.368036101411,0.12246898494758038,0.0028171891983064783
4892.669715271444,0.13449723728342453,0.0029782975244117423
4909.025890890844,0.14286258498502663,0.0030659017276743685
4925.436745141022,0.1392953660662699,0.0030249819441301343
4941.902460812428,0.13365970564504526,0.0029023838790061124
4958.423221306581,0.11803148651196906,0.0026684104755389437
4974.999210638101,0.11011996590150908,0.002563955120441452
4991.630613436779,0.10131218930096847,0.002631015599724518
5008.317614949616,0.10453726960097637,0.0033222859084963505
5025.060401042893,0.09945869594909448,0.003641082723611727
5041.8591582042445,0.10013240828778215,0.0031480339833495643
5058.71407354473,0.0928918260543661,0.002972708603407316
5075.625334800925,0.1003290803194104,0.0029148548501619943
5092.593130337,0.0948246668827315,0.0028484957542598624
5109.61764914683,0.10149261319751889,0.0027445156579810836
5126.699080856102,0.11170283713274903,0.0026537396764830475
5143.837615724411,0.1257283901174917,0.0025926473305509777
5161.033444647393,0.15431184075956156,0.002573140553879643
5178.286759158847,0.17009684277046172,0.002544472546749564
5195.59775143287,0.19352256358371211,0.0024974794655399455
5212.966614285993,0.2074390930232542,0.0025171719911774703
5230.393541179339,0.2189694337625102,0.0024798234878444674
5247.878726220767,0.23264071031807143,0.0023888300982012546
5265.4223641670305,0.2242879866306336,0.0023298364966157603
5283.024650425963,0.22728834396471836,0.002276963836436928
5300.685781058646,0.2140073416659313,0.0022240549840177267
5318.405952781588,0.21900668791123976,0.00215214373330517
5336.185362968923,0.21111856651878858,0.002089565599003832
5354.024209654601,0.20603420856030258,0.0020237691779045252
5371.922691534604,0.19649271488244238,0.001957691468980652
5389.88100796915,0.18963472591056346,0.0019017888857114015
5407.899358984922,0.19102914359220563,0.0019402071664040628
5425.977945277293,0.18110404866268312,0.001919415517700952
5444.116968212549,0.17627147621395442,0.00182072427236649
5462.316629830153,0.17286919652130306,0.0017156477133526992
5480.577132844979,0.16632548440211042,0.0016823732530008933
5498.89868064958,0.16121291476748628,0.0016281016749401266
5517.28147731645,0.15263939179682706,0.0015560110566094684
5535.725727600293,0.14312209808844686,0.0014801504093725653
5554.23163694031,0.13164085151893654,0.001432480097044112
5572.79941146248,0.12797632333461623,0.0013943378464193314
5591.429257981867,0.1189438897184502,0.001328696185850592
5610.121384004915,0.10969154143560939,0.0012833924097398058
5628.875997731756,0.10338400147685262,0.0012497655209455754
5647.69330805854,0.09661429177195373,0.0012059340658100305
5666.573524579752,0.09042682800676313,0.0011801235025012844
5685.516857590555,0.0866323289409053,0.0011525164857735756
5704.523518089128,0.08311471166238005,0.0011327184858549344
5723.593717779009,0.0819975763609151,0.001153317378770392
5742.727669071467,0.09205760862309617,0.0011618194970371871
5761.925585087854,0.10558622825321559,0.0011641076896598394
5781.187679661996,0.1164986247902467,0.0011830014695859165
5800.5141673425605,0.13348803400868087,0.001213352400828236
5819.905263395445,0.15109481263464591,0.0012561731891635758
5839.361183806187,0.16330502591273757,0.0012647264355294344
5858.882145282354,0.17152640934916372,0.0012552053212110512
5878.468365255977,0.17100176691156574,0.0012348827167931857
5898.12006188596,0.15978644912111928,0.0012193691510250732
5917.837454060502,0.1612655739274489,0.001206233060584095
5937.620761399551,0.15373756803497157,0.0011664443824817084
5957.470204257241,0.14326769985881985,0.0011217155977681474
5977.386003724353,0.13003639547109774,0.0010784452001911004
5997.368381630775,0.12229304764037596,0.0010403861628260468
6017.417560547961,0.11365586419988735,0.001002374505466847
6037.533763791432,0.09538056338349227,0.0009517216830898013
6057.717215423248,0.07943621909614047,0.0008985268221718775
6077.968140254503,0.06449239603702059,0.0008467520343867595
6098.286763847838,0.05514723359186395,0.0007974181883405958
6118.673312519953,0.04881163021840942,0.0007848402712150814
6139.128013344114,0.05052277807128988,0.0007745359754250115
6159.651094152697,0.05750775866663552,0.0007723791259555381
6180.242783539723,0.06798791226336032,0.0008027843948836757
6200.903310863401,0.07789452433267352,0.000822096680273885
6221.632906248681,0.0897403625543961,0.0008485797800824053
6242.431800589825,0.09866632050736984,0.0008637821094463928
6263.300225552964,0.10377791621199589,0.0008727435202897211
6284.238413578695,0.10916505993580641,0.0008794094711156721
6305.246597884667,0.10979390100511227,0.0008776377632613334
6326.325012468166,0.11223929384253256,0.0008728736995229236
6347.4738921087355,0.112590611224935,0.0008683843873144286
6368.693472370778,0.11159476615620396,0.0008660683110536385
6389.9839896061985,0.11173827230330917,0.0008524173113344792
6411.345680957023,0.11203316605001915,0.000848353998327272
6432.7787843580345,0.11420015897103308,0.0008414867815732303
6454.283538539437,0.11382497161084558,0.0008239392137017542
6475.860183029508,0.11411441016319696,0.0008183074350708063
6497.508958157264,0.11223888729639206,0.0008155963102711812
6519.230105055148,0.11241651153019067,0.0008149187151677839
6541.023865661702,0.1088254018002198,0.0008247539897472055
6562.890482724266,0.10565950903862856,0.0008592962954501928
6584.830199801685,0.09936167794522383,0.000822612815331024
6606.843261267024,0.0899118412921924,0.0007487722544758635
6628.929912310285,0.08286452682959645,0.0007209484959099092
6651.0903989411345,0.07716154995305721,0.0007065384763318729
6673.324967991654,0.07080989127081866,0.0007114748931780645
6695.633867119077,0.06535783535475226,0.0007045124516486293
6718.017344808559,0.058391101260494405,0.0006760841614914631
6740.475650375945,0.05658145390703101,0.0006409715963279837
6763.009033970533,0.05193998392978761,0.0006116626746976879
6785.617746577873,0.05197099713068232,0.0005977498859274264
6808.302040022556,0.05162957052595883,0.0005872759383465757
6831.062166971027,0.05079388902829236,0.0005833426207151984
6853.898380934393,0.0493657422511678,0.0005773002697716125
6876.81093627124,0.050649424981391994,0.0005768367636942345
6899.8000881904845,0.049673475114105886,0.0005718891375842036
6922.866092754194,0.04923244986821085,0.0005639980807408457
6946.0092068804615,0.04772093798607254,0.0005613159946244033
6969.229688346255,0.046971820770075175,0.0005580200767524142
6992.52779579028,0.04673170489221849,0.0005599330778056715
7015.903788715879,0.046951957909662265,0.0005575949064528776
7039.357927493908,0.04598475190207639,0.0005708458409538329
7062.890473365647,0.04457748363183305,0.0005772450724252926
7086.501688445705,0.046316610358670164,0.0005738557093616049
7110.191835724931,0.045434319687925426,0.0005651941739843159
7133.961179073358,0.0439572844274517,0.0005617143364859298
7157.809983243131,0.04332096401913239,0.0005494095612883343
7181.738513871466,0.04362456472246931,0.0005415979022619643
7205.747037483605,0.04541750563291691,0.0005360613838985787
7229.835821495773,0.04222909859679856,0.0005305801471324465
7254.005134218174,0.04494590425320592,0.0005371157488116933
7278.255244857964,0.04437978966681724,0.0005423219920958513
7302.586423522268,0.04470269126736023,0.0005360146008209847
7326.998941221176,0.04355656257611672,0.0005291414896263197
7351.493069870756,0.041222554366861536,0.0005178585183908397
7376.069082296098,0.03829351162337364,0.0006065162224599033
7400.727252234339,0.03616744636502997,0.0007202762116803105
7425.467854337722,0.033695410952296334,0.0006338890526843294
7450.291164176657,0.03530803423190998,0.0005562658992970375
7475.197458242774,0.03405328840888033,0.0005052202328310192
7500.187013952019,0.03305790333824157,0.000520390950627916
7525.260109647734,0.034314597497412384,0.0005264326501973316
7550.4170246037675,0.03309916383780007,0.0005183085149233994
7575.658039027581,0.0334603081122744,0.0005168024842330939
7600.9834340633615,0.03323103603847515,0.0005220896177276251
7626.393491795165,0.03198073493787078,0.0005206792092654377
7651.888495250046,0.031758587933777005,0.0005251710904410457
7677.468728401224,0.03314027833676122,0.0005245353007234909
7703.134476171246,0.03343686497432704,0.0005303347944604734
7728.886024435141,0.03131368407281521,0.0005090776085009036
7754.723660023623,0.03204291664781167,0.0005185757591560045
7780.6476707262755,0.033645826649599996,0.0005174229389659829
7806.658345294771,0.035450965427047024,0.0005152818145850666
7832.755973446074,0.03583156274222751,0.0005078529233756211
7858.940845865665,0.03528836503515221,0.0005056061125767381
7885.213254210794,0.035122303803202526,0.0005050308225798504
7911.573491113709,0.03620650376792221,0.0005036966569801025
7938.021850184939,0.0357562520986511,0.0005008731064045442
7964.558626016547,0.033426280953039234,0.0004947852267815288
7991.184114185413,0.0326492012224877,0.0004929478316366871
8017.898611256533,0.031162155810823235,0.0004862382415413307
8044.702414786312,0.02895525876699516,0.0005056818495691147
8071.595823325894,0.027719526498356253,0.0005234911810174381
8098.57913642448,0.023046555626936246,0.0004949055513506722
8125.652654632648,0.016040151809067447,0.0004910870661041665
8152.81667950573,0.01414370015662477,0.00045991960934200365
8180.07151360715,0.013463732672679788,0.0004758661278777909
8207.417460511802,0.012448245098653717,0.0004595326039646609
8234.854824809423,0.011142026020129644,0.00044631378936890926
8262.383912108004,0.012613139438870744,0.00043114037550028846
8290.005029037178,0.01230691958652796,0.0004197074909850644
8317.718483251632,0.013952100844375113,0.0004179522553634577
8345.524583434553,0.01548952986073798,0.00041881791215504067
8373.42363930105,0.018216199539185136,0.00045732044096630063
8401.415961601604,0.024833918070643425,0.0005128872513827179
8429.501862125539,0.03079779853309334,0.0005262134418229391
8457.681653704487,0.03748974161900728,0.0005078637341176737
8485.955650215876,0.042192629367051676,0.0005187429059066434
8514.324166586423,0.048044525270397306,0.0005857701026151333
8542.787518795645,0.05125008556732968,0.0006108243200087308
8571.346023945849,0.05338198109873324,0.0006091462361996176
8600.000000000004,0.05445950526036937,0.0006330928637515525
