wave,flux,sigma
3300.0000000000005,0.061792860183553996,0.030702601129634195
3311.0318870238752,0.06004616996941952,0.03000943622097138
3322.1006535769357,-0.016016532772759474,0.029077487654851845
3333.2064229988164,0.023965476553061214,0.029085786244496762
3344.349318964206,0.014059873912467323,0.029002304134828873
3355.52946558699,-0.0006003342814278451,0.028841761563486355
3366.7469873959726,0.0032417852301642428,0.027911485737214952
3378.0020093362546,-0.028347358049208304,0.026580074394460015
3389.2946567706267,-0.011328779229446164,0.026194744701795905
3400.6250554809667,-0.02149788864411015,0.025927514876024405
3411.9933316696415,0.0353538679924445,0.025207960210309494
3423.3996119609133,0.01840439313715108,0.02536599415896195
3434.844023402349,-0.047669762818451304,0.024822324478984786
3446.3266934662315,-0.001009820220755196,0.02404419525205399
3457.847750050986,0.01779976251198583,0.02397879288044954
3469.4073214825994,0.010638416300614552,0.0240593248489501
3481.0055365160556,0.0057520922004019315,0.023780004302376284
3492.6425243367635,0.01872778665032536,0.02262059944602997
3504.318414561997,0.00020383342088588262,0.02175904319666848
3516.033337242342,-0.005596197233447123,0.02098907511793044
3527.7874228631417,-0.01121344905906509,0.020887769726769343
3539.5808023459526,0.02454732066732078,0.021066618962080792
3551.4136070500026,0.03381675762266051,0.021268402773204065
3563.28596877365,0.05249765688619011,0.021853994880140608
3575.198019755855,0.05414007089599597,0.02222485689340191
3587.149892677652,0.04338565558724203,0.02216584520331784
3599.1417206636297,0.060295561975552484,0.021198618360941394
3611.173637283412,0.05475065321147467,0.020516208389595624
3623.2457765531435,0.026801502168839822,0.020209769876919813
3635.3582729369846,0.027230304441648916,0.020013326553587524
3647.511261348607,0.059495231204975185,0.019836265858844286
3659.7048771527016,0.020844862784894315,0.020076658742008466
3671.9392561664827,-0.014871654886646718,0.020558076810079005
3684.2145346612006,-0.006470914327553172,0.02071371911661956
3696.5308493636576,0.002536746762697695,0.020062369321350783
3708.8883374577335,-0.01745969758203238,0.019106026740525663
3721.2871365859164,0.024710154704405414,0.018684093253729238
3733.7273848508326,0.004988292671220886,0.018059975036813003
3746.2092208167815,-0.019964765822402877,0.01784250606470366
3758.7327835112833,0.022557193118966975,0.018206297162444988
3771.298212426627,0.027856139059286317,0.018689620853563564
3783.9056475214256,-0.024748238697173297,0.01858194937017409
3796.555229222173,0.0228901795229962,0.018124521577899674
3809.247098424805,0.0017500740505060532,0.017723819688559087
3821.981396496276,0.01943476260511391,0.017072189332088133
3834.758265276125,0.016277386034757587,0.01690761706894259
3847.577847078064,0.00447450263474705,0.016488886723472023
3860.4402846915605,0.03457942350070067,0.016314341992043624
3873.3457213834213,0.06424725044176827,0.01626674471837158
3886.294300899397,0.017481355383617253,0.015965746262439056
3899.2861674657775,0.0194330682133138,0.015956078448657148
3912.3214657910025,0.06413309460194981,0.015867211170364486
3925.4003410672735,0.040632469104147556,0.015780927449477875
3938.5229389721653,0.0745600104770823,0.015560660920335992
3951.689405670252,0.05225522360258661,0.015313323764104022
3964.8998878147377,0.04967571407866488,0.015240458133189347
3978.154532549086,0.06049729516288818,0.015430407239604852
3991.453487508664,0.037009854011529016,0.01513914239728426
4004.796900822377,4.242670322993829e-05,0.015146874629959797
4018.18492111433,0.0132377881940236,0.015164293815536318
4031.617697505474,0.0710260669396322,0.014890781468234625
4045.0953796152735,0.02964571633301457,0.014832096990338498
4058.618117563371,0.031283531001870986,0.014901509567274545
4072.1860619712556,0.037394099481547184,0.014946461022882352
4085.799363963945,0.07860860936808639,0.014593442243193743
4099.458175171663,0.07743346643788916,0.014408235714755005
4113.162647731542,0.04625708166595767,0.01427136376743584
4126.912934289301,0.04025830381076641,0.01425270666517143
4140.709188000954,0.02653234176286568,0.014308761495769907
4154.551562534517,0.021496065967793125,0.014254622494690818
4168.440212071713,-0.005996819523990574,0.014201747318866564
4182.3752913097,0.03998727554426945,0.014218523866327147
4196.356955462785,-0.0028589742944792815,0.014166685013746206
4210.385360264156,0.027191421544461802,0.014240504301704896
4224.460661967617,0.06610556616178895,0.014153380868561124
4238.583017349324,0.02123676896382012,0.013769266427848688
4252.752583709542,0.035659867701143405,0.01342140019115751
4266.969518874386,0.03695198598647059,0.013163905665106636
4281.233981197582,0.04067991689681723,0.012900153769545047
4295.5461295622345,0.04543421895061846,0.012929687876859013
4309.906123382591,0.03906533793771093,0.013025845288979418
4324.314122605823,0.04229528935164523,0.013100680188841484
4338.770287713807,0.057099912819172066,0.013145865815934937
4353.274779724901,0.06216974486261662,0.0129115991440954
4367.827760195754,0.013218399546427027,0.01269920032609073
4382.429391223097,0.022827135363086268,0.012754202106027129
4397.079835445547,0.02026004562811601,0.01264566081064503
4411.779256045427,0.003872977165474994,0.01251999674598893
4426.527816750571,0.005691316868560279,0.012611561669260678
4441.32568183616,0.015256725208042894,0.012586445678279514
4456.17301612654,0.012553524986951926,0.012578487000058461
4471.06998499707,0.028812143855507216,0.012634737909690857
4486.01675437596,0.02996063309907933,0.01301857338152831
4501.013490746111,0.04529662485553655,0.012930008772070652
4516.060361146975,0.03619090483767201,0.012919048082589465
4531.157533176423,0.06389966588333584,0.01343024077868507
4546.3051749926035,0.07377491268340847,0.013897688691677061
4561.503455315809,0.06003187390497185,0.01450786273394595
4576.752543430374,0.04120384378750161,0.015259178206002295
4592.052609186547,0.07190304360558752,0.016668434343152457
4607.403823002376,0.06829620379562662,0.018366436335933187
4622.8063558656295,0.0704746923947793,0.019561196813643444
4638.260379335682,0.01512591211736713,0.020814182674804456
4653.766065545426,0.05620689812089255,0.02162721852176399
4669.323587203196,0.05451120465842139,0.021727701597721034
4684.933117594696,0.06543820819397272,0.019693983669465027
4700.594830584916,0.048054526443249396,0.018709773393988105
4716.308900620076,0.018801203281283988,0.01867511992246569
4732.075502729573,0.06843291159208993,0.03532160929119844
4747.894812527928,0.03796698399106134,0.032809573224644416
4763.767006216733,0.047676331104676915,0.026125979017805938
4779.692260586626,0.061688071863107576,0.02171707553328026
4795.67075301926,0.04078289234070899,0.019948904938159113
4811.702661489265,0.029599047184341833,0.019104005785220673
4827.7881645662455,-0.009714960373980324,0.018575825704246447
4843.927441416762,0.042808609695234645,0.017748991091051266
4860.120671806329,0.020635681233440194,0.01665269653103654
4876.368036101411,0.047136069928386946,0.015506094188725464
4892.669715271444,0.020199490833112517,0.01452820382420412
4909.025890890844,0.060468508522202716,0.013758000484368
4925.436745141022,0.05004459102473768,0.013245192373025183
4941.902460812428,0.04131407731489439,0.012407667260611897
4958.423221306581,0.02964212665479589,0.011694276497137699
4974.999210638101,0.019672834511146854,0.011159715733873204
4991.630613436779,0.01939863229711819,0.010698233616288707
5008.317614949616,0.010213960088889152,0.010208870728444872
5025.060401042893,0.006513486817022053,0.009938512903330752
5041.8591582042445,0.027768377936257187,0.009771539656594273
5058.71407354473,0.04770644449446708,0.009574176568759358
5075.625334800925,0.03641247981080556,0.00946147016555484
5092.593130337,0.058895070297243106,0.009276634703559392
5109.61764914683,0.029701803997956147,0.010818720316465207
5126.699080856102,0.04528700170227444,0.010536822587736678
5143.837615724411,0.03871661649425211,0.008772578346668693
5161.033444647393,0.019724796054176173,0.008353771429495723
5178.286759158847,0.04498462781243004,0.008121038663688011
5195.59775143287,0.027645541549734032,0.007785079698104146
5212.966614285993,0.029241725363464394,0.007685560319679002
5230.393541179339,0.020731344076783766,0.0075369020335265755
5247.878726220767,0.029581008692702294,0.0073112517035522784
5265.4223641670305,0.033070230498117345,0.007117166761236335
5283.024650425963,0.03603635000412296,0.0070971357775276
5300.685781058646,0.05509178832812539,0.007029755205635432
5318.405952781588,0.04851164027903776,0.006790028014341284
5336.185362968923,0.03901707007607603,0.00660033854906805
5354.024209654601,0.03940519355079303,0.006503186021858362
5371.922691534604,0.04789682604556503,0.006463749898052676
5389.88100796915,0.049970656255777346,0.006557440365379281
5407.899358984922,0.05380545437289265,0.006698324970613965
5425.977945277293,0.055104189835670433,0.006501779532135382
5444.116968212549,0.06610002102619028,0.006295266579201981
5462.316629830153,0.07785877598089345,0.006286057876455614
5480.577132844979,0.06371348119422265,0.006223493601016726
5498.89868064958,0.06710501733068532,0.006069749091892856
5517.28147731645,0.06571661287434546,0.005826222014712232
5535.725727600293,0.0689542893189913,0.005676212778508839
5554.23163694031,0.07295379362692206,0.005636410298923563
5572.79941146248,0.05541481229866091,0.005501245728540512
5591.429257981867,0.04604189452323711,0.0053143397605932615
5610.121384004915,0.0382361843718213,0.005264863769794073
5628.875997731756,0.06437762246522089,0.00522113323136693
5647.69330805854,0.0456287624019692,0.005085659213084478
5666.573524579752,0.04060683738072336,0.0050221725478232756
5685.516857590555,0.03339820325368034,0.004904564563858413
5704.523518089128,0.03252507370024831,0.0048664664801587685
5723.593717779009,0.03929264327514998,0.004897503957461962
5742.727669071467,0.04707286182849812,0.004845761779432415
5761.925585087854,0.04782807047193974,0.004891250091789479
5781.187679661996,0.043860986026412134,0.0051899554800989315
5800.5141673425605,0.04431423173612664,0.005071749409076452
5819.905263395445,0.07253042600725909,0.0046865932061401555
5839.361183806187,0.04964015776187353,0.004627342620950436
5858.882145282354,0.0432863973566087,0.004455683735804191
5878.468365255977,0.04429979287473968,0.004323045108610855
5898.12006188596,0.039093265594896176,0.004304721663601704
5917.837454060502,0.04655307478157428,0.004265613923448895
5937.620761399551,0.04480581705758543,0.004220453701249056
5957.470204257241,0.023992238367885194,0.004134247091412639
5977.386003724353,0.028797175944564685,0.00405028173862191
5997.368381630775,0.03187770114842255,0.003995553608052365
6017.417560547961,0.03755996278589385,0.0039680650616148215
6037.533763791432,0.022758696443562296,0.0038891202513422246
6057.717215423248,0.024746495591245768,0.0037886972356428335
6077.968140254503,0.0314892425849761,0.0037668881374832265
6098.286763847838,0.023579200322953336,0.0036890532079594477
6118.673312519953,0.023234844991081763,0.0035729090322863238
6139.128013344114,0.02670025147090275,0.0035141411313540636
6159.651094152697,0.029575302622526774,0.0035092126763986574
6180.242783539723,0.02525330534187972,0.003498801552289351
6200.903310863401,0.025003013642808797,0.003470977337749757
6221.632906248681,0.037541510670803316,0.003488907701147981
6242.431800589825,0.024830243228086586,0.003419518795780374
6263.300225552964,0.02836826994580196,0.0035215575378495525
6284.238413578695,0.030498188607632246,0.0035979204258307206
6305.246597884667,0.024634865127698777,0.003737822856804789
6326.325012468166,0.031077567954060838,0.00373782731618802
6347.4738921087355,0.030009055227855984,0.003601067744199924
6368.693472370778,0.03739266735092214,0.003556801271590815
6389.9839896061985,0.043103488536402605,0.003501495068946009
6411.345680957023,0.04981557398640916,0.0034611274414004076
6432.7787843580345,0.045209118352062386,0.003381846193258188
6454.283538539437,0.04863033404225454,0.003339633873072682
6475.860183029508,0.059260387758444034,0.0033877388321245806
6497.508958157264,0.0697667272032503,0.003415253195300199
6519.230105055148,0.06281663672364275,0.003380379578575283
6541.023865661702,0.05662866807922992,0.0033328647200600884
6562.890482724266,0.04779688061866014,0.003274995268593028
6584.830199801685,0.04621858568255302,0.003265379330911883
6606.843261267024,0.04038533932336286,0.003236730178858536
6628.929912310285,0.03545431911353798,0.003329263935334568
6651.0903989411345,0.031475017789944666,0.0036213982862225128
6673.324967991654,0.03374549783098853,0.0036507258030933467
6695.633867119077,0.023433903616941972,0.0035325838386845937
6718.017344808559,0.019075303991031554,0.0033679451080859215
6740.475650375945,0.021204856574980935,0.003328835636686782
6763.009033970533,0.020506209865778075,0.003250032413316247
6785.617746577873,0.014611102594005856,0.003124169890719093
6808.302040022556,0.010255696786632922,0.0029762781833450884
6831.062166971027,0.018393926693760144,0.002944445455020451
6853.898380934393,0.015829302556677444,0.0030286012714463113
6876.81093627124,0.022323766334246424,0.0030569552437113286
6899.8000881904845,0.022144943467744094,0.003075667330616547
6922.866092754194,0.017506661533844094,0.0030470019691525903
6946.0092068804615,0.013757720337418764,0.0030074787302923197
6969.229688346255,0.023628419410644846,0.004148038439484359
6992.52779579028,0.021916861196410814,0.004703235156705974
7015.903788715879,0.020456195789134372,0.003782549080704811
7039.357927493908,0.02226865010392111,0.003117542366164574
7062.890473365647,0.013538143316507916,0.003070031485029588
7086.501688445705,0.020404817408571006,0.003420351987368339
7110.191835724931,0.025376716551055445,0.0034242572588425277
7133.961179073358,0.03227348067278042,0.0034470290853787777
7157.809983243131,0.029599146168914577,0.0034317347906498846
7181.738513871466,0.02764217426976627,0.003406040481331382
7205.747037483605,0.029276605632379146,0.003528317471616744
7229.835821495773,0.02658829929766065,0.003595659294016981
7254.005134218174,0.026698215804406303,0.003588350246734947
7278.255244857964,0.024443958559028624,0.0036012378066777864
7302.586423522268,0.026323359313602735,0.003401711740064955
7326.998941221176,0.02998701791683067,0.0035938664452319783
7351.493069870756,0.0244061596720334,0.003422337197726806
7376.069082296098,0.022379180053507204,0.003280961326413476
7400.727252234339,0.031397071608117506,0.003174948062726099
7425.467854337722,0.02924905796403315,0.0030676718703230867
7450.291164176657,0.02357379197874465,0.0030498327186525096
7475.197458242774,0.03273978187394305,0.0031097557234172637
7500.187013952019,0.023069943397533363,0.00311982049148132
7525.260109647734,0.025851914671179872,0.003073350740112009
7550.4170246037675,0.019401013892954615,0.0030592579151460836
7575.658039027581,0.02368116788874653,0.0031061490174352814
7600.9834340633615,0.021452680121886968,0.003637615396772483
7626.393491795165,0.018756438194413513,0.003621802187733641
7651.888495250046,0.033875142503766165,0.0037699538055990215
7677.468728401224,0.02886165106304963,0.003908021296166076
7703.134476171246,0.055513556206835346,0.003724359546918238
7728.886024435141,0.05225368751480183,0.003991607964745515
7754.723660023623,0.03436710453205013,0.0037722309940934114
7780.6476707262755,0.030819342291767776,0.003457793013943396
7806.658345294771,0.026652737399680035,0.003258359980444217
7832.755973446074,0.025703673627365677,0.0030941905148925354
7858.940845865665,0.023177878782519083,0.0030548760916148427
7885.213254210794,0.017679271303479814,0.0029946543282093935
7911.573491113709,0.022539665863747983,0.003499259359672236
7938.021850184939,0.029108588879076927,0.003901868419238491
7964.558626016547,0.020864839351997403,0.003604352150193695
7991.184114185413,0.007977890368153134,0.0030336504570330734
8017.898611256533,0.019257972093253844,0.0030249580259012715
8044.702414786312,0.027663306285760726,0.004050313863718684
8071.595823325894,0.02916342282583887,0.003758482685435801
8098.57913642448,0.0280408169484885,0.004138691397722273
8125.652654632648,0.022835321774685072,0.003986806619105467
8152.81667950573,0.017363098149422013,0.0039157029934510845
8180.07151360715,0.025007328282997232,0.004187711602103934
8207.417460511802,0.006497770093597638,0.00404821191368537
8234.854824809423,-0.0033774029761027137,0.0037353317898338647
8262.383912108004,0.027311518612341185,0.0038616128260370026
8290.005029037178,0.014850295838846434,0.0035414802654950626
8317.718483251632,0.0112211002467682,0.003446013084227945
8345.524583434553,0.00017719641371175232,0.003383849533575873
8373.42363930105,0.008700583883263186,0.0033860424991973424
8401.415961601604,0.00554211378819343,0.003416494853069099
8429.501862125539,0.005675689050335322,0.003368257961866181
8457.681653704487,0.02057506291329592,0.003615251274960607
8485.955650215876,0.022775848643847945,0.0038184975225784767
8514.324166586423,0.02466509135102531,0.0038751378081482188
8542.787518795645,0.024161428771465415,0.006279004546167494
8571.346023945849,0.011111348994735367,0.006788230882522694
8600.000000000004,0.03574541676755423,0.007312355106767465
