wave,flux,sigma
3300.0000000000005,-0.016211821315739942,0.015221491263504106
3311.0318870238752,-0.010874822985815507,0.01499797866239002
3322.1006535769357,-0.012744806079095247,0.014256829285783867
3333.2064229988164,-0.006938141734511425,0.014308993289973697
3344.349318964206,-0.0062742899579860895,0.014026083825646199
3355.52946558699,-0.02257279651080983,0.01391375487527554
3366.7469873959726,-0.033730152598046265,0.013781009995883753
3378.0020093362546,-0.023542619030045512,0.013216419712945937
3389.2946567706267,-0.025553431990099802,0.013106981685172783
3400.6250554809667,-0.012816075048246844,0.013104802730459593
3411.9933316696415,0.0035874442991318655,0.013175125150186104
3423.3996119609133,0.010601188130908393,0.012973652470668312
3434.844023402349,-0.004943600872837009,0.012228673589035849
3446.3266934662315,-0.010121045194546216,0.011527187785271413
3457.847750050986,-0.009484329657108024,0.0112939808156092
3469.4073214825994,0.00569682592339067,0.011638478392042706
3481.0055365160556,-0.009095949451860732,0.011593635229118491
3492.6425243367635,0.011219578487429323,0.011443628462838565
3504.318414561997,-0.009375707278497517,0.011280794287118763
3516.033337242342,-0.001801601585662132,0.011164614509019946
3527.7874228631417,0.006801350666981827,0.011159238979522196
3539.5808023459526,-0.0012387042214615461,0.010942628785199979
3551.4136070500026,-0.012941447947935357,0.010879548116487106
3563.28596877365,0.006073293287361273,0.011012544432726352
3575.198019755855,0.0009905559302459325,0.010730567778668924
3587.149892677652,0.02453768154267804,0.010400566086183885
3599.1417206636297,0.033103302225698454,0.010075383558252625
3611.173637283412,0.01226981111874487,0.00994249926942359
3623.2457765531435,0.02792337328426811,0.010165953767837391
3635.3582729369846,0.006458841471596595,0.009995792616083111
3647.511261348607,0.0035940041918801997,0.009727087699922582
3659.7048771527016,0.010771022588262635,0.009172735782359213
3671.9392561664827,0.022293532981445475,0.00873833804096255
3684.2145346612006,0.014616460059422232,0.008178191778472071
3696.5308493636576,0.02488435983985955,0.008290139430422264
3708.8883374577335,0.03528912187046278,0.00873125162479063
3721.2871365859164,0.03161155735411024,0.008696961567152104
3733.7273848508326,-0.00030509984724561023,0.008529572405470358
3746.2092208167815,0.013858748095078213,0.00837287067292559
3758.7327835112833,-0.01393575651296406,0.008620249057424497
3771.298212426627,0.021902923635341763,0.008087286990909532
3783.9056475214256,0.015329197662207167,0.0076294516897320586
3796.555229222173,-0.001020503901055539,0.007709155430088273
3809.247098424805,-0.004994142072593541,0.007740577954190238
3821.981396496276,0.018227851392689905,0.008111000605640739
3834.758265276125,0.0368633553459252,0.008953278187171705
3847.577847078064,0.0006096365879777373,0.009179667633743286
3860.4402846915605,0.004444987064392742,0.008825547941515254
3873.3457213834213,0.022860961448216772,0.00855436027424419
3886.294300899397,0.01807759699917848,0.00828271762638972
3899.2861674657775,0.033702012075208565,0.008100257144290272
3912.3214657910025,0.02088100659782747,0.008100436580913377
3925.4003410672735,0.046779351348447504,0.00825404044052573
3938.5229389721653,0.060320524521225216,0.008307151365631833
3951.689405670252,0.04254713146594852,0.00818751727352665
3964.8998878147377,0.03726186441683707,0.008013205043227459
3978.154532549086,0.04333180289692279,0.007895197120204483
3991.453487508664,0.037098237238000036,0.007759749696948899
4004.796900822377,0.04648034801656104,0.0076610144650633
4018.18492111433,0.037735861435505204,0.007619790333811126
4031.617697505474,0.059196117643153016,0.007375322913539011
4045.0953796152735,0.025464283613408512,0.007322506809909841
4058.618117563371,0.03950330608372903,0.007329453154953174
4072.1860619712556,0.04132272918581174,0.007220075099999689
4085.799363963945,0.029800366871320608,0.007021670750386808
4099.458175171663,0.03255504763207785,0.006811087551367255
4113.162647731542,0.032399755248046905,0.00667607462886101
4126.912934289301,0.0383956199544587,0.006462953073032126
4140.709188000954,0.03440520104702057,0.006393941054547377
4154.551562534517,0.042842262593892705,0.006493305821792036
4168.440212071713,0.04280495749479582,0.00669114686995586
4182.3752913097,0.052817537981336676,0.006791179521882316
4196.356955462785,0.033232353580451346,0.0068579982124744015
4210.385360264156,0.030975849684138863,0.00672084661066707
4224.460661967617,0.049633717024528255,0.006614787801541782
4238.583017349324,0.04595030262205873,0.006636907364045936
4252.752583709542,0.040017023168239615,0.006587790897629106
4266.969518874386,0.05477033733856894,0.00651888252948956
4281.233981197582,0.04616062288486122,0.0064002582214422905
4295.5461295622345,0.055284886830706786,0.006361144418759567
4309.906123382591,0.043413575606465776,0.006444147477018658
4324.314122605823,0.04419063383313397,0.0065317931309820014
4338.770287713807,0.03565412753553854,0.006433896590951025
4353.274779724901,0.04168482346347274,0.006224354709611398
4367.827760195754,0.034312987727057986,0.006202686718419129
4382.429391223097,0.046155456315139363,0.006258154648587946
4397.079835445547,0.0345735294232322,0.006119674797047541
4411.779256045427,0.0340433474037589,0.006043236718924947
4426.527816750571,0.029989364196250142,0.0060504935619523715
4441.32568183616,0.03887157540036682,0.006014246341156177
4456.17301612654,0.027277901849253987,0.005987575757747189
4471.06998499707,0.04201928043101482,0.005910573430145457
4486.01675437596,0.03912094321338935,0.005869058069279291
4501.013490746111,0.055395755660762144,0.005829501464922108
4516.060361146975,0.050483072859791034,0.0057815867819426894
4531.157533176423,0.06714875653502703,0.005770338656244062
4546.3051749926035,0.06571591151789442,0.005751458486824036
4561.503455315809,0.09087438100403433,0.00580459482210096
4576.752543430374,0.0854062951016492,0.005767840514212577
4592.052609186547,0.09027015235799775,0.00576002956437086
4607.403823002376,0.10167989167461469,0.005837943004870412
4622.8063558656295,0.10489233155550837,0.005766762091250643
4638.260379335682,0.08682586403687409,0.005679197148011325
4653.766065545426,0.08705186673605501,0.0056448146947388695
4669.323587203196,0.06926549227924933,0.0054564623672120815
4684.933117594696,0.06909784407293801,0.005323511243096228
4700.594830584916,0.05007120114503822,0.005369852231984936
4716.308900620076,0.05033552945465822,0.005447161754989133
4732.075502729573,0.07128838468285767,0.005549736656532103
4747.894812527928,0.04443665776522429,0.005696098067888213
4763.767006216733,0.05058317644997483,0.005951409035885851
4779.692260586626,0.06178519194031127,0.006245441620197002
4795.67075301926,0.06328719722674973,0.006568851142826961
4811.702661489265,0.056518982449453886,0.0068287156474389
4827.7881645662455,0.06029858132323662,0.0070521756531891615
4843.927441416762,0.05127570432525867,0.007243175937905256
4860.120671806329,0.08182656107190825,0.007275224253574544
4876.368036101411,0.08921106698573351,0.007172981197329166
4892.669715271444,0.09188891391963236,0.007078464663424936
4909.025890890844,0.10061504233851407,0.006563952680249493
4925.436745141022,0.12201465031190627,0.00667106655545542
4941.902460812428,0.10057948555240027,0.0068184822526824
4958.423221306581,0.07007143590237842,0.008832352197464293
4974.999210638101,0.05662987398907679,0.008265473083408024
4991.630613436779,0.052949378562797494,0.007270286233739022
5008.317614949616,0.06257170493459002,0.006889343195555287
5025.060401042893,0.0617928549902189,0.006803852401655672
5041.8591582042445,0.037259040936535086,0.0066083824576884794
5058.71407354473,0.035006604186764385,0.006208190034114639
5075.625334800925,0.028818801493927473,0.005855170551336511
5092.593130337,0.03444652305043635,0.005576558949676263
5109.61764914683,0.045303352512785985,0.005327313916919139
5126.699080856102,0.04791694593413523,0.005042305665288783
5143.837615724411,0.03392522512393207,0.004821048600613297
5161.033444647393,0.036896543475000876,0.004693890170707065
5178.286759158847,0.049773171426963234,0.004526123720119472
5195.59775143287,0.04990623232437149,0.004335011838637344
5212.966614285993,0.0560038029389794,0.00428604796669126
5230.393541179339,0.07025851745461804,0.00422107796295997
5247.878726220767,0.07852893022046863,0.0040711870406632015
5265.4223641670305,0.08253332790457782,0.004002740269439639
5283.024650425963,0.0975253019266799,0.003980259214295458
5300.685781058646,0.08963685438807392,0.003938510620974826
5318.405952781588,0.08085322522556047,0.003820394032997163
5336.185362968923,0.086667895264261,0.0037047462844302342
5354.024209654601,0.08062153722528151,0.003919806941869372
5371.922691534604,0.07589066566669977,0.003839864185837526
5389.88100796915,0.09845309376090758,0.003528281952799864
5407.899358984922,0.1072605981605722,0.0034410696781333105
5425.977945277293,0.11320730948911348,0.0033853760716231877
5444.116968212549,0.11221564508291426,0.00333049050953792
5462.316629830153,0.1249907479407623,0.0032857995766810196
5480.577132844979,0.12235599113585394,0.003253555506439717
5498.89868064958,0.12482034340197232,0.003180280709456464
5517.28147731645,0.11197774252415953,0.00307326285206999
5535.725727600293,0.1101534405769039,0.002980967505118482
5554.23163694031,0.09997574567204026,0.002925243411104409
5572.79941146248,0.09463857168374055,0.0028852430413931324
5591.429257981867,0.0957113151876236,0.002823505247993814
5610.121384004915,0.08463366870651619,0.0027636721514775874
5628.875997731756,0.0736698103850367,0.0027159369624292526
5647.69330805854,0.06936808189214178,0.0026519625994602487
5666.573524579752,0.059635548709025134,0.002612292823762237
5685.516857590555,0.054111012634592545,0.002561275522931841
5704.523518089128,0.06210674139868011,0.0025162250424354536
5723.593717779009,0.06427467265591624,0.002491887975115776
5742.727669071467,0.06827256397000504,0.002447800973281871
5761.925585087854,0.07436750127437071,0.0024345601722182324
5781.187679661996,0.08237207527448424,0.002400632239236676
5800.5141673425605,0.09285726073786386,0.0023846868689011576
5819.905263395445,0.09554451954941098,0.0024000420499545724
5839.361183806187,0.10799306566074932,0.0023722387725407367
5858.882145282354,0.11028396075455213,0.0023204343801709014
5878.468365255977,0.1007637732051974,0.0022736647286211143
5898.12006188596,0.09010572787389452,0.0022456674291692616
5917.837454060502,0.08891214819839803,0.002208836080055598
5937.620761399551,0.07880120592227466,0.0021426920654927174
5957.470204257241,0.06647467760576574,0.0020758691706889085
5977.386003724353,0.06399033575761394,0.0020358900277764823
5997.368381630775,0.06479495531129473,0.0020189430101528725
6017.417560547961,0.06627153692833794,0.001998109922652157
6037.533763791432,0.05780706418497973,0.002003471401581199
6057.717215423248,0.060236916371909935,0.0020965992959749665
6077.968140254503,0.06335762472719914,0.0020470756002890322
6098.286763847838,0.06899292184718199,0.0019112290687900838
6118.673312519953,0.055381183037117664,0.0018811479239839392
6139.128013344114,0.04947587498550051,0.0018235720016355752
6159.651094152697,0.053180718518481135,0.0017825640053499413
6180.242783539723,0.05497109776308153,0.0017755597211887005
6200.903310863401,0.062476657120787774,0.0017580758896198288
6221.632906248681,0.057376232141453265,0.0017566520119553137
6242.431800589825,0.0526790706993589,0.0017249882818588587
6263.300225552964,0.05655313911556998,0.0017000153935565413
6284.238413578695,0.0664164693064855,0.0017028892620946706
6305.246597884667,0.06938294842515469,0.0016852447389092808
6326.325012468166,0.07361725592348113,0.0016732818276216253
6347.4738921087355,0.08592511466799943,0.001699943715915238
6368.693472370778,0.09664081765131625,0.0017090558220995197
6389.9839896061985,0.10081313169517328,0.0016912233975197699
6411.345680957023,0.1094610534681016,0.0017012760721198596
6432.7787843580345,0.1071075656045152,0.0016913796135166826
6454.283538539437,0.1118664146224386,0.0016644181081007965
6475.860183029508,0.11332456001008026,0.0016452381442442563
6497.508958157264,0.1097419737200152,0.0016323754606813242
6519.230105055148,0.10774751744533437,0.0016341868152793834
6541.023865661702,0.10579749476026434,0.0016385193895712303
6562.890482724266,0.09813868621713558,0.0017029330070066184
6584.830199801685,0.09089444233328364,0.0016734161063176698
6606.843261267024,0.07558424027963316,0.0016396363188092248
6628.929912310285,0.07522426143252159,0.0016062225735067831
6651.0903989411345,0.06730397366713575,0.001530386569775384
6673.324967991654,0.06237962321976133,0.0014714007750441208
6695.633867119077,0.057186918348505505,0.0014277250921876628
6718.017344808559,0.05784353404510441,0.0014050406964429484
6740.475650375945,0.05299602842257055,0.0013691541021557227
6763.009033970533,0.04864412883617998,0.0013397636149207956
6785.617746577873,0.04682475219889882,0.001323251678888007
6808.302040022556,0.04309594388161677,0.001305057040934168
6831.062166971027,0.045364685060302945,0.0012973714512988302
6853.898380934393,0.046701723923604464,0.0012875401305544349
6876.81093627124,0.04706837272938262,0.001293479143911379
6899.8000881904845,0.04434021254998825,0.0012827321373295474
6922.866092754194,0.04326811571847381,0.0012706200441929166
6946.0092068804615,0.04224936192753044,0.0013058723060313745
6969.229688346255,0.042295264221687306,0.0013715209028296608
6992.52779579028,0.04037384963358426,0.0013790569891628831
7015.903788715879,0.039652918466432596,0.0013621850888711257
7039.357927493908,0.041510448616157526,0.0013256583403629303
7062.890473365647,0.04087096211324932,0.0013298790136416058
7086.501688445705,0.04152817927301464,0.0013056163035347435
7110.191835724931,0.043444962210693445,0.0012818043067130372
7133.961179073358,0.051774212434250996,0.0012585698172772693
7157.809983243131,0.05168467721368271,0.0012381207286122696
7181.738513871466,0.05004960767144401,0.0012476550781476954
7205.747037483605,0.046567426222403466,0.0012328858240772318
7229.835821495773,0.049986420704393505,0.0012391444054801809
7254.005134218174,0.051038795529708234,0.0012507704250126605
7278.255244857964,0.051536791136304584,0.00124936462834392
7302.586423522268,0.05211763503158124,0.00159518834555929
7326.998941221176,0.0534884951695563,0.0017847562103168947
7351.493069870756,0.05711640841330347,0.00152591307257259
7376.069082296098,0.059407318272579376,0.0013317701700463508
7400.727252234339,0.05772307033064185,0.001281723418764975
7425.467854337722,0.050874315383933735,0.0013390282976815566
7450.291164176657,0.05068118785402497,0.00132782274770283
7475.197458242774,0.04724097831439158,0.001316289289689096
7500.187013952019,0.04874329197670427,0.001317063784344178
7525.260109647734,0.051357074313085796,0.0013267365326990626
7550.4170246037675,0.05027353498347423,0.001358454617199294
7575.658039027581,0.05616582832691405,0.0013848475429237084
7600.9834340633615,0.055824284055384005,0.00136403897526024
7626.393491795165,0.05800720541984315,0.001350237873780266
7651.888495250046,0.05247386685354774,0.0012957692265557319
7677.468728401224,0.05051641079909812,0.0013482370727339087
7703.134476171246,0.05246595556447553,0.0013135261426346783
7728.886024435141,0.048818815219641376,0.0012487124451371287
7754.723660023623,0.04669240337581401,0.001200025511212636
7780.6476707262755,0.044286250377989375,0.0011712217707880853
7806.658345294771,0.04398033614040919,0.0011547239837772407
7832.755973446074,0.044336065206318984,0.001151328793933935
7858.940845865665,0.04038292665337317,0.0011477731432842483
7885.213254210794,0.04082665975494883,0.0011458495061549916
7911.573491113709,0.03935452845667873,0.0011361734309844294
7938.021850184939,0.037556245929307897,0.001124459850014699
7964.558626016547,0.03606436610117289,0.0013063470740305662
7991.184114185413,0.033560859531455794,0.0013118765270431988
8017.898611256533,0.033552740080776744,0.0013209208442259556
8044.702414786312,0.032896034245414374,0.0013498172526887513
8071.595823325894,0.026849178367318954,0.0012796362295866652
8098.57913642448,0.035866899756931386,0.0013687946171595765
8125.652654632648,0.03247779728748871,0.001325324790594001
8152.81667950573,0.024915922833109328,0.0012197853140323023
8180.07151360715,0.01751457816518024,0.001138306822902265
8207.417460511802,0.01635887401373435,0.0010643182115813755
8234.854824809423,0.013294256426581049,0.0010544721078470797
8262.383912108004,0.01813437911196042,0.001050511928109835
8290.005029037178,0.020603524327060953,0.0011730239376877604
8317.718483251632,0.019879180980268328,0.0012572274096248758
8345.524583434553,0.019648987598266693,0.0011969386801374076
8373.42363930105,0.020475456989513613,0.0010584960308354448
8401.415961601604,0.022188326966962796,0.001061887393852042
8429.501862125539,0.034207946752536945,0.0014301315918985708
8457.681653704487,0.04443422124181449,0.0013435012188097234
8485.955650215876,0.05331633487166253,0.0014634561041781682
8514.324166586423,0.051583801304883235,0.001439135658752791
8542.787518795645,0.05523004136078153,0.0014180877459892079
8571.346023945849,0.05775115901770017,0.0014955578208177215
8600.000000000004,0.05719466639421529,0.0014673725149800603
