wave,flux,sigma
3300.0000000000005,-0.010729730376179025,0.020312660003231623
3311.0318870238752,-0.027429303041151917,0.0196075260307645
3322.1006535769357,-0.0027144551048360025,0.018712717938732026
3333.2064229988164,-0.014393817986263255,0.018301653028977564
3344.349318964206,-0.011211425181841594,0.0175766195731887
3355.52946558699,-0.03965747011084872,0.017116999522955537
3366.7469873959726,-0.002059593847406403,0.016837940448403338
3378.0020093362546,0.0182130352468955,0.016242167624880625
3389.2946567706267,0.007287117228179688,0.016182307632351258
3400.6250554809667,0.017686645861176943,0.015754038676683145
3411.9933316696415,-0.0034688617869731756,0.015119777167142256
3423.3996119609133,0.0007871909866740011,0.01497062207792201
3434.844023402349,0.010935487013764296,0.014711214400127449
3446.3266934662315,0.013320238922125825,0.014155860903539562
3457.847750050986,0.017785402330641905,0.01394250375905855
3469.4073214825994,0.000240961494377259,0.013949029596297962
3481.0055365160556,0.0071068488504092055,0.013648127213561437
3492.6425243367635,-0.0025447109108266428,0.013119549178002989
3504.318414561997,-0.005409298687711608,0.012584509085731036
3516.033337242342,0.00180598323083831,0.012338391514651608
3527.7874228631417,0.01909037664693606,0.012191372194319204
3539.5808023459526,0.008231800755917229,0.012155058758776647
3551.4136070500026,0.017471170752905645,0.012075511887973742
3563.28596877365,0.0008194990193392652,0.011861645322847425
3575.198019755855,0.027110832105372087,0.011466396761367688
3587.149892677652,0.01786932977924714,0.011186061690531476
3599.1417206636297,0.0038637951340846056,0.010888843643396748
3611.173637283412,0.001845367201234605,0.010686189523521232
3623.2457765531435,0.0057894502903517876,0.010424068577760345
3635.3582729369846,-0.0024182392630377504,0.010153785202253405
3647.511261348607,0.0019029452607337042,0.009843813308563947
3659.7048771527016,0.012320903091802001,0.009641798627706262
3671.9392561664827,0.01426928992751715,0.009492816746134487
3684.2145346612006,0.02355272566229146,0.009302752608145982
3696.5308493636576,0.02569637820634118,0.009036170015697892
3708.8883374577335,0.0013524545910145321,0.008864273775171686
3721.2871365859164,0.009790022655156522,0.008772870668450908
3733.7273848508326,0.0014627364165466696,0.008424892997457387
3746.2092208167815,-0.003006789196778213,0.008127399928616231
3758.7327835112833,0.010546933622016173,0.008136529853392556
3771.298212426627,-0.007343810830122305,0.008253572308002664
3783.9056475214256,0.016588205273506965,0.008153588489249533
3796.555229222173,0.004838612748538258,0.008187396013583037
3809.247098424805,0.005971030466062314,0.007902919241518359
3821.981396496276,-0.0021277478681624136,0.007556112036004502
3834.758265276125,0.008269184292898083,0.0075413699663561306
3847.577847078064,0.0033752938261249546,0.0075336238994644445
3860.4402846915605,0.010916122074570097,0.00756467439934535
3873.3457213834213,0.028943909569617995,0.007733316591220057
3886.294300899397,0.017786438164536632,0.007961353597663671
3899.2861674657775,0.023859705877101133,0.007969923226359997
3912.3214657910025,0.02896829442101446,0.007701159232020712
3925.4003410672735,0.0264788110141393,0.007289442690679276
3938.5229389721653,0.03439047273496407,0.007117391353943066
3951.689405670252,0.04745717451722596,0.0070386579785145275
3964.8998878147377,0.044261189484361745,0.006969389606862592
3978.154532549086,0.03827236921797632,0.007054080030776214
3991.453487508664,0.029154505564739044,0.007110548925400027
4004.796900822377,0.032142250122356504,0.007115907956421575
4018.18492111433,0.03144688433051115,0.0069430378822496475
4031.617697505474,0.019019006142368768,0.006594597293537374
4045.0953796152735,0.020851024719743157,0.006381136897712425
4058.618117563371,0.02742432170214822,0.006364990814011946
4072.1860619712556,0.030987845049741995,0.006242540224552695
4085.799363963945,0.00915837717735032,0.006096098000485041
4099.458175171663,0.023148486083804477,0.005920506702690087
4113.162647731542,0.018210951097155665,0.0058225536577800555
4126.912934289301,0.009601952840969055,0.005787740084262119
4140.709188000954,0.02191754665324689,0.005778024696119538
4154.551562534517,0.021991980570285823,0.005758695403470571
4168.440212071713,0.01862659124667209,0.005664973178733352
4182.3752913097,0.014824989024976334,0.005585712153429126
4196.356955462785,0.02240376060394645,0.005576685214294404
4210.385360264156,0.02506691269042117,0.005599847605948491
4224.460661967617,0.017406845778813605,0.005555621167806269
4238.583017349324,0.01787539725359089,0.00550320890617537
4252.752583709542,0.020941101799004606,0.005397634088731933
4266.969518874386,0.02253796811712954,0.005276965754781606
4281.233981197582,0.028282410526071566,0.0052436326947683356
4295.5461295622345,0.025520286757396992,0.005207671291377545
4309.906123382591,0.02598974652912843,0.005224198223718636
4324.314122605823,0.03158477308274873,0.005213529805347791
4338.770287713807,0.01192259629893184,0.005109089098895931
4353.274779724901,0.01636221418654083,0.005006207210317132
4367.827760195754,0.013548106287119357,0.005023538374316147
4382.429391223097,0.01651401514654126,0.005021725358129792
4397.079835445547,0.008176647151706348,0.004900822873113221
4411.779256045427,0.009794181204745293,0.004872762996254358
4426.527816750571,0.01967500396990697,0.004876734070700934
4441.32568183616,0.018032296161029963,0.004789722807138225
4456.17301612654,0.015051487197835015,0.004755527422630692
4471.06998499707,0.01149031805341891,0.004700502012782414
4486.01675437596,0.009589399850577152,0.00471706167789697
4501.013490746111,0.023265359046198662,0.00469624161118041
4516.060361146975,0.02770865044373374,0.004630798684049168
4531.157533176423,0.029339055092845935,0.004600998239616984
4546.3051749926035,0.03306092917890601,0.0045448247738756895
4561.503455315809,0.04065198682949243,0.0045513707023439815
4576.752543430374,0.040725590050764794,0.004520236463602868
4592.052609186547,0.05326998538471035,0.004516052627572714
4607.403823002376,0.05383469289731728,0.00453193163824746
4622.8063558656295,0.048771346110814885,0.0044608453687351975
4638.260379335682,0.04200611422488437,0.004411259191090721
4653.766065545426,0.034982873597684316,0.004416200822198899
4669.323587203196,0.03032575047051056,0.004370542653734134
4684.933117594696,0.024564244085250063,0.004287131118478373
4700.594830584916,0.0207191527475147,0.004214172477590201
4716.308900620076,0.011587568437909828,0.004173321953873464
4732.075502729573,0.011770017919623121,0.004178714816760627
4747.894812527928,0.021969236317946526,0.004227837389170422
4763.767006216733,0.030678730009279714,0.004293973261057793
4779.692260586626,0.0241464995555805,0.004340207250995787
4795.67075301926,0.026312638925891328,0.004426194783178296
4811.702661489265,0.03223831553508341,0.0045582485505342605
4827.7881645662455,0.01971053328007902,0.004712643333548842
4843.927441416762,0.012425544095185023,0.004936039912636968
4860.120671806329,0.02765601351556361,0.0052925216068922774
4876.368036101411,0.027721129463456146,0.005683048689124161
4892.669715271444,0.039769993457197256,0.006079367120474143
4909.025890890844,0.03673264379311259,0.006491928258019321
4925.436745141022,0.04150765882973448,0.006665651239255833
4941.902460812428,0.02832329129780069,0.006511725410040404
4958.423221306581,0.030068224939128613,0.006062983561903976
4974.999210638101,0.02366584805368718,0.005822783210769837
4991.630613436779,0.023077328410743697,0.0058744429150724906
5008.317614949616,0.02928709055851051,0.008935179568746007
5025.060401042893,0.021371811014706144,0.01045981683395791
5041.8591582042445,0.033952236364482774,0.00850534599592022
5058.71407354473,0.029571073377859112,0.007232404097075027
5075.625334800925,0.011962634173589613,0.006724473854334037
5092.593130337,0.013933788989226073,0.006513988714763863
5109.61764914683,0.023169717462910876,0.006309501518190609
5126.699080856102,0.018294021172288247,0.006026454485718405
5143.837615724411,0.014725699810192453,0.0056358362468131385
5161.033444647393,0.005631971008545171,0.005316101636956986
5178.286759158847,0.03168783479346672,0.0050206621398952034
5195.59775143287,0.0334089105713679,0.004713011518303818
5212.966614285993,0.026851354127371576,0.004520436019981745
5230.393541179339,0.033719496526191675,0.004335612576370841
5247.878726220767,0.057869490097116366,0.004126424793807928
5265.4223641670305,0.04525592664328773,0.003976320792586868
5283.024650425963,0.04431558024714327,0.0038952559296418425
5300.685781058646,0.04698003201674833,0.0037943968457359667
5318.405952781588,0.05369254860012065,0.0036390656186487498
5336.185362968923,0.04684835508009458,0.0035145271052060673
5354.024209654601,0.05033558583277264,0.003432888920785921
5371.922691534604,0.04803009642340292,0.0033515908788620042
5389.88100796915,0.057823790902462494,0.0032731584429983498
5407.899358984922,0.06133567631013444,0.0033635960004990144
5425.977945277293,0.061486349493976314,0.0033399350375487784
5444.116968212549,0.06864607561786004,0.003195484977034802
5462.316629830153,0.06601590696172827,0.0030493171189879807
5480.577132844979,0.07794319439140138,0.0030268453713057347
5498.89868064958,0.08093074048188822,0.002989809647645396
5517.28147731645,0.08836556716068653,0.002902425328582559
5535.725727600293,0.09130801506238012,0.00282889463894002
5554.23163694031,0.08985995377185296,0.0027880983295362903
5572.79941146248,0.09313519486870252,0.002722545751866207
5591.429257981867,0.0873453466105873,0.0026229297738427377
5610.121384004915,0.08224708529227136,0.002555028148830066
5628.875997731756,0.07441952981363283,0.0024983863370707936
5647.69330805854,0.062252681374677724,0.0024232979648089294
5666.573524579752,0.05789941419037135,0.0023836948381165037
5685.516857590555,0.05380315587211097,0.0023357162622663972
5704.523518089128,0.051732340140277874,0.0023200844763045184
5723.593717779009,0.05295240811963017,0.0024116495180448046
5742.727669071467,0.051178193680251345,0.002365450801992032
5761.925585087854,0.05453613219280269,0.0022331950163487773
5781.187679661996,0.061951577011110114,0.0021997214941759428
5800.5141673425605,0.06461788005248792,0.002169525822741387
5819.905263395445,0.062154889974387374,0.002157205850766388
5839.361183806187,0.06425312923552487,0.0021031227872077844
5858.882145282354,0.06867164617001352,0.002041123996775861
5878.468365255977,0.06568776954785413,0.00199219146353375
5898.12006188596,0.05880829423874312,0.0019496495303162281
5917.837454060502,0.05156261047909426,0.0019161008587874862
5937.620761399551,0.04737249220277186,0.0018661073664772434
5957.470204257241,0.045426861806500095,0.0018158540264176935
5977.386003724353,0.04217901824753835,0.0017729891671621624
5997.368381630775,0.036097439226960126,0.0017305527916520362
6017.417560547961,0.03500934030828404,0.0017053035199358763
6037.533763791432,0.028986651753196285,0.0016935594748480572
6057.717215423248,0.03260877194714984,0.0016973954390384367
6077.968140254503,0.03233154143031447,0.0016785340391624961
6098.286763847838,0.032751397426601124,0.0016388065508917064
6118.673312519953,0.033583312261662154,0.0016653259041415002
6139.128013344114,0.030238369819865545,0.0016269570463219672
6159.651094152697,0.03778886129336649,0.0015546422081171598
6180.242783539723,0.039631817269456915,0.0015648408159977295
6200.903310863401,0.048197633500746885,0.0015344207286063518
6221.632906248681,0.03962192944324592,0.0014987583511315147
6242.431800589825,0.03695485519768534,0.0014707688271691276
6263.300225552964,0.03716337752359872,0.0014452743360703817
6284.238413578695,0.03223976030856804,0.0014371437951924537
6305.246597884667,0.034355702508997985,0.0014273072458964378
6326.325012468166,0.037348758080377964,0.0014140257784529516
6347.4738921087355,0.04406415941290946,0.001410587045494055
6368.693472370778,0.045674369646808946,0.0014297890955105288
6389.9839896061985,0.05424611414733811,0.00141947330932341
6411.345680957023,0.05645229486931752,0.0013993881932464912
6432.7787843580345,0.0613280864077547,0.0013812795168390362
6454.283538539437,0.06289958722008185,0.0013583251651187057
6475.860183029508,0.06565606826447826,0.0013548754643899817
6497.508958157264,0.06974260379467793,0.0013572386735501208
6519.230105055148,0.07118407457276223,0.0013649904210226392
6541.023865661702,0.07383381819105969,0.001396907260364948
6562.890482724266,0.06969602372407097,0.001464959787898036
6584.830199801685,0.06310367337631043,0.0014093911717293537
6606.843261267024,0.06303031479400042,0.0013026311636650171
6628.929912310285,0.05909310073535758,0.0012817498215874311
6651.0903989411345,0.05373477507233889,0.0012754220127905542
6673.324967991654,0.048142742565875495,0.0013162818799270922
6695.633867119077,0.029319782456570048,0.001319912032765527
6718.017344808559,0.030081985895266908,0.0012623605240557566
6740.475650375945,0.03293621387764519,0.0012035365759249894
6763.009033970533,0.030396343209342522,0.0011514239241991603
6785.617746577873,0.03315758732179269,0.0011262356398337432
6808.302040022556,0.033994833560766595,0.0011038632656387947
6831.062166971027,0.0314327718997212,0.001095225363724938
6853.898380934393,0.03235766478623074,0.001085652731589035
6876.81093627124,0.03232262892388771,0.0010850801272042066
6899.8000881904845,0.030212620212656822,0.0010730318504120274
6922.866092754194,0.02726838876793228,0.0010523319296033315
6946.0092068804615,0.023908949942273536,0.00104867444999478
6969.229688346255,0.027335562644259338,0.0010468645257953452
6992.52779579028,0.02912825101367439,0.0010524875386394785
7015.903788715879,0.026018109649146973,0.0010441674415940213
7039.357927493908,0.02651450773690449,0.0010983009771489975
7062.890473365647,0.023010667837819975,0.001120095353985507
7086.501688445705,0.024485664926116014,0.001101839178862404
7110.191835724931,0.02396146497581507,0.0010781514695673941
7133.961179073358,0.022648614486564425,0.0010883903889896329
7157.809983243131,0.025940099066752934,0.001070266182508743
7181.738513871466,0.026755300189027185,0.00104038404918307
7205.747037483605,0.03282600048487126,0.0010193869233985193
7229.835821495773,0.03264568883443087,0.0010123067956349801
7254.005134218174,0.030826498275700304,0.0010267392186767684
7278.255244857964,0.034669090337196534,0.001038993505447437
7302.586423522268,0.03461304237280316,0.0010338663330500197
7326.998941221176,0.035839422383105474,0.001030678433741688
7351.493069870756,0.03367106033523576,0.0010123147027366417
7376.069082296098,0.04081175381724342,0.0013175680404950622
7400.727252234339,0.03835598400308597,0.0016776592281036895
7425.467854337722,0.04325999280575549,0.0014127565784470284
7450.291164176657,0.04167590066744467,0.0011625156195845324
7475.197458242774,0.03884819390494247,0.001030919687288809
7500.187013952019,0.03658467127962331,0.0010841562444257075
7525.260109647734,0.029819780821083303,0.0010927056391033352
7550.4170246037675,0.031798115075582264,0.0010724367244516933
7575.658039027581,0.036024950174069384,0.0010685662982790585
7600.9834340633615,0.03528342499913187,0.0010890339022512757
7626.393491795165,0.03682277666523921,0.0010979007070714831
7651.888495250046,0.0430436986127727,0.0011299603799812862
7677.468728401224,0.04403133902996604,0.0011249586264178437
7703.134476171246,0.04854930604969707,0.0011465870950072888
7728.886024435141,0.04535968639437774,0.0010910184112795484
7754.723660023623,0.05030228183756277,0.0011239114069595704
7780.6476707262755,0.05280028109578122,0.0011065540064298049
7806.658345294771,0.044987630514903766,0.0010651438946165117
7832.755973446074,0.04561394028679245,0.0010272197236509528
7858.940845865665,0.04039995299173012,0.0010081842531220436
7885.213254210794,0.036099745438270964,0.0009954921735945272
7911.573491113709,0.030939503167808236,0.000980799202392686
7938.021850184939,0.0266362236579755,0.0009702765428211415
7964.558626016547,0.02794830008353546,0.0009596707660458053
7991.184114185413,0.026467342265343224,0.0009566309454824909
8017.898611256533,0.02620049013486622,0.0009585915896502168
8044.702414786312,0.02174113477514457,0.001034320813329063
8071.595823325894,0.02455117759349105,0.0011005749031520037
8098.57913642448,0.018002230376510067,0.0010640130332465179
8125.652654632648,0.012083751414305906,0.0011040856158078642
8152.81667950573,0.00907053355312187,0.001034275790866673
8180.07151360715,0.0065571772118154445,0.001081644256625043
8207.417460511802,0.0064071910523420435,0.0010327385105109261
8234.854824809423,0.004272612170882484,0.0009958658957047385
8262.383912108004,0.004167650030260556,0.0009414108032469102
8290.005029037178,0.006367551591215172,0.0009030255291027278
8317.718483251632,0.005582884952329084,0.0008805107842256291
8345.524583434553,0.0065567437508802055,0.0008656775885185988
8373.42363930105,0.0062179867196153,0.0009125701820491286
8401.415961601604,0.008521654606704353,0.0009840341487417277
8429.501862125539,0.015931523248765518,0.0009859689094781844
8457.681653704487,0.03134697573349259,0.0009454212176783747
8485.955650215876,0.036575738926194895,0.0009490951342919861
8514.324166586423,0.04116157015095254,0.001122064961864653
8542.787518795645,0.044898918876624595,0.0011724053576012286
8571.346023945849,0.041539148649761,0.0011594169856990306
8600.000000000004,0.03770366751080784,0.0012080810885527025
