wave,flux,sigma
3300.0000000000005,0.0032679772810027853,0.014479293017862
3311.0318870238752,0.020918522987687385,0.01428406827585929
3322.1006535769357,0.01351176958786322,0.013857332095551811
3333.2064229988164,-0.004232024817671237,0.01331125329896748
3344.349318964206,0.00807328916451177,0.01325910598261339
3355.52946558699,0.02288375339659926,0.013665778439798238
3366.7469873959726,0.027290204802284525,0.013508174235494785
3378.0020093362546,0.0038090655783184152,0.0126606071937456
3389.2946567706267,0.020962264222508006,0.01220506603360016
3400.6250554809667,-0.001976034763839015,0.011919360299831849
3411.9933316696415,-0.019763562996768957,0.011613925856326396
3423.3996119609133,0.01605958560609947,0.011640170838471743
3434.844023402349,-0.0027247421375624177,0.011842124711317297
3446.3266934662315,8.22350977618358e-06,0.011416380716017725
3457.847750050986,0.00812058667194172,0.01132871166311684
3469.4073214825994,-0.0035822665110335017,0.011296885403032777
3481.0055365160556,-0.018330874809889482,0.01096063870806778
3492.6425243367635,0.004847319043028591,0.010626107983190062
3504.318414561997,-0.009447690520197683,0.010553584374247839
3516.033337242342,0.01480184479683957,0.010372816724386374
3527.7874228631417,0.031944409623715406,0.010287855280890141
3539.5808023459526,0.03965859286266522,0.010034260089653418
3551.4136070500026,0.016368037341474177,0.010000856042334295
3563.28596877365,0.023767145781179402,0.010146285991455086
3575.198019755855,0.026529421782863653,0.010136261534529846
3587.149892677652,0.028095111788408,0.009921901854833298
3599.1417206636297,0.011619224906086021,0.009396743164818646
3611.173637283412,0.014564521765504549,0.008973394921011856
3623.2457765531435,0.02370865328580642,0.008481153576717556
3635.3582729369846,0.017251923305874828,0.008425893559441455
3647.511261348607,0.01988737263185228,0.008560697194291955
3659.7048771527016,0.03876478530322305,0.008440379087425492
3671.9392561664827,0.023106143903591256,0.008433246793534016
3684.2145346612006,0.050416165187943965,0.008427534694891693
3696.5308493636576,0.022652325439794514,0.008616690645111686
3708.8883374577335,0.03852886319945677,0.008172962959761216
3721.2871365859164,0.03156530300329803,0.007945006863416591
3733.7273848508326,0.03775039191791249,0.007839706553303417
3746.2092208167815,0.024648722947581983,0.0077408286290321275
3758.7327835112833,0.02416543346543096,0.007996057578409564
3771.298212426627,0.02350182677701574,0.00871430893618637
3783.9056475214256,0.027541954784185807,0.008927793925861894
3796.555229222173,0.022302317400954924,0.008625399339750562
3809.247098424805,0.025252346417754173,0.00829942998026822
3821.981396496276,0.039340205973310574,0.00792838435945988
3834.758265276125,0.03064916451314997,0.00784968711739795
3847.577847078064,0.029238661322685044,0.00786854170374548
3860.4402846915605,0.033707456902397126,0.007991496063701893
3873.3457213834213,0.03895736578782173,0.008087237534171286
3886.294300899397,0.04299445440602915,0.008045842881436203
3899.2861674657775,0.040992559257646825,0.007870662633952056
3912.3214657910025,0.04788898217175716,0.007697191005917131
3925.4003410672735,0.0506309177946195,0.007629560333086974
3938.5229389721653,0.06814645726541611,0.007628744582722795
3951.689405670252,0.0727176707364639,0.007499825184724763
3964.8998878147377,0.06529457400976946,0.00729638534493968
3978.154532549086,0.05635343216114605,0.007338339089062081
3991.453487508664,0.059127645177146845,0.0071250429444531535
4004.796900822377,0.0566227589469444,0.007066094427384841
4018.18492111433,0.0657240447809474,0.007030567513026343
4031.617697505474,0.05200525625918982,0.0067646950504396475
4045.0953796152735,0.044629625301079334,0.006665352056264815
4058.618117563371,0.06328852369457615,0.006543951178257972
4072.1860619712556,0.04821762029151042,0.006375973179023508
4085.799363963945,0.05434122969583526,0.0062969140305313325
4099.458175171663,0.04558117973253248,0.006317004811998537
4113.162647731542,0.051967802286338384,0.006335297701945275
4126.912934289301,0.03656835071494324,0.006456505070605091
4140.709188000954,0.04054694024653365,0.006426477572171227
4154.551562534517,0.0520693602475262,0.006449059242449438
4168.440212071713,0.03324072676813321,0.006511822332376953
4182.3752913097,0.047854687185614544,0.0065826200526420825
4196.356955462785,0.04884283087232172,0.006583601647438941
4210.385360264156,0.04248144424884941,0.006417603020685576
4224.460661967617,0.03975149602408015,0.006313120243719296
4238.583017349324,0.04448336602148721,0.006348787010032559
4252.752583709542,0.04867364301935773,0.006325806466588935
4266.969518874386,0.04460490526091568,0.006206723840319617
4281.233981197582,0.04583552579112647,0.0061212413449173286
4295.5461295622345,0.054934266100022125,0.006088080848537711
4309.906123382591,0.06087365309309257,0.00612723868614773
4324.314122605823,0.04141930695926817,0.006137612601633883
4338.770287713807,0.047256189245377715,0.006023577887624828
4353.274779724901,0.04838685645873092,0.0058523671590115355
4367.827760195754,0.046097262960484914,0.005851294923573028
4382.429391223097,0.04446865712956128,0.005832463314797711
4397.079835445547,0.027618324727072537,0.0056160716320440476
4411.779256045427,0.024988331506012408,0.005566425593817216
4426.527816750571,0.034407914827923845,0.005628151596827097
4441.32568183616,0.03840315713716609,0.005515869812395
4456.17301612654,0.014901703639424864,0.005521599080123251
4471.06998499707,0.036338191264082234,0.005533570479160864
4486.01675437596,0.041827096359787486,0.0055676338087227075
4501.013490746111,0.0355735230933517,0.005572535083406771
4516.060361146975,0.05295580761193004,0.005572740745180052
4531.157533176423,0.07152677234396923,0.005675746287374436
4546.3051749926035,0.08648252116868883,0.005679391934205773
4561.503455315809,0.07578316101335845,0.005713468731471687
4576.752543430374,0.09195705925003639,0.005665036474601975
4592.052609186547,0.09806955639932523,0.005606015053581972
4607.403823002376,0.09810924673779071,0.005655521577072464
4622.8063558656295,0.10394575454699494,0.005704591323534303
4638.260379335682,0.10619947839648332,0.005732594158891629
4653.766065545426,0.09045057357522432,0.005786918585020626
4669.323587203196,0.06684079296500481,0.005802436461420368
4684.933117594696,0.06193197027263801,0.005856909810915278
4700.594830584916,0.05534015699433803,0.006021172599513582
4716.308900620076,0.03554202216327203,0.0062479176929487535
4732.075502729573,0.025925469342546234,0.006630923078277828
4747.894812527928,0.039883114473221036,0.007139019040543028
4763.767006216733,0.04497041898679837,0.007658871492928712
4779.692260586626,0.05237734412828246,0.007968460016687884
4795.67075301926,0.051510448355737246,0.007832866808003585
4811.702661489265,0.04456028396470381,0.007573104086719716
4827.7881645662455,0.04221902594389579,0.006996861831680737
4843.927441416762,0.04777451900938152,0.006870311746897054
4860.120671806329,0.049075198966688605,0.007033587726349559
4876.368036101411,0.04306988828587428,0.010429262096629087
4892.669715271444,0.07446310840732773,0.009883405033892099
4909.025890890844,0.07339176588218017,0.008548615133175813
4925.436745141022,0.07083153063975034,0.008171462268558765
4941.902460812428,0.09210704217520671,0.007964692162821734
4958.423221306581,0.07089170405586863,0.007600846508495883
4974.999210638101,0.05366557378227843,0.007231701918211151
4991.630613436779,0.06965123090431839,0.006868124823063456
5008.317614949616,0.05984910834831632,0.006424833218802254
5025.060401042893,0.04941265661023361,0.005999316531390052
5041.8591582042445,0.030974183376349378,0.005614429203003378
5058.71407354473,0.03498585901659676,0.005285731831915665
5075.625334800925,0.04666719138566364,0.005109755637649055
5092.593130337,0.0334884422763643,0.004916862309776065
5109.61764914683,0.04785607215887558,0.004761854406031609
5126.699080856102,0.060167263648202574,0.004606745926381808
5143.837615724411,0.03993135437742859,0.004432603369653312
5161.033444647393,0.05110945397011973,0.0043604991562301906
5178.286759158847,0.060585886256327166,0.004278306600225188
5195.59775143287,0.055089865834570824,0.0041442016303285
5212.966614285993,0.06964665190160119,0.004174256164440284
5230.393541179339,0.0757124734894149,0.004136185015630081
5247.878726220767,0.0750980873162572,0.004025853461539251
5265.4223641670305,0.09504991933787058,0.004616343367272418
5283.024650425963,0.10287446042585807,0.004624915617120319
5300.685781058646,0.09363015902109581,0.004134795856933864
5318.405952781588,0.10978280040753836,0.003862617958922143
5336.185362968923,0.10078223704400589,0.00373178340676208
5354.024209654601,0.102663230426347,0.003637604333953157
5371.922691534604,0.10126959519385714,0.0035897251117011425
5389.88100796915,0.11340867430738442,0.003528604312045042
5407.899358984922,0.11253127967764351,0.0034731945321728173
5425.977945277293,0.12135782661943342,0.003445542787184918
5444.116968212549,0.13740578977290474,0.003445922808941254
5462.316629830153,0.15089739275117514,0.003452873065606017
5480.577132844979,0.15838078146989482,0.003470361421703283
5498.89868064958,0.15432804765304958,0.003452085845257804
5517.28147731645,0.1567790710965789,0.0033723210321572605
5535.725727600293,0.15908906249655325,0.0032960887275093657
5554.23163694031,0.14194962335180156,0.003311742638146622
5572.79941146248,0.14197589159747012,0.00339224021234914
5591.429257981867,0.13261532781524904,0.003282816040887469
5610.121384004915,0.13159084910363533,0.0030517254302525943
5628.875997731756,0.11320184784929685,0.0029492533236363454
5647.69330805854,0.10275382276255869,0.002850405332808079
5666.573524579752,0.09575991453993628,0.0027799920204958483
5685.516857590555,0.0912092886989261,0.0026758972992252947
5704.523518089128,0.08540627122992916,0.002606817738468488
5723.593717779009,0.08598137281305084,0.0025539075419040917
5742.727669071467,0.08098782374390827,0.0024982347655209364
5761.925585087854,0.09249128822207768,0.0025067458524808835
5781.187679661996,0.10052588711397127,0.0025043461577821573
5800.5141673425605,0.1071591368737454,0.0025013551990462047
5819.905263395445,0.12156883823504205,0.0025163992164159866
5839.361183806187,0.12085053231191598,0.0025091474848750886
5858.882145282354,0.12504632183694664,0.002464829407598501
5878.468365255977,0.12242488373306397,0.002428785567940172
5898.12006188596,0.12006038789103875,0.0024453484615384762
5917.837454060502,0.10675922634564254,0.002417816210125126
5937.620761399551,0.09227285705853512,0.0023615770918783696
5957.470204257241,0.08505691964924852,0.002642106166455964
5977.386003724353,0.0736453427778117,0.002508954812095616
5997.368381630775,0.06441115327055849,0.0020786662655702813
6017.417560547961,0.06433253481538294,0.0021442304134202724
6037.533763791432,0.0583651061221825,0.0020929305113387376
6057.717215423248,0.06838273388854749,0.0019654943864174253
6077.968140254503,0.06641824189900523,0.0019389566137412951
6098.286763847838,0.06210756760495174,0.0018886313190140073
6118.673312519953,0.05616754276655324,0.0018457161760816881
6139.128013344114,0.04801650544064313,0.0018243653734492167
6159.651094152697,0.056110059152573666,0.0018440711566452173
6180.242783539723,0.07090362608158203,0.0018684390291902895
6200.903310863401,0.06685896396496066,0.0018522159966321804
6221.632906248681,0.06754639810393318,0.0018231061712321276
6242.431800589825,0.06581284802738334,0.0017727668054883545
6263.300225552964,0.06418133900757039,0.0017238407835435347
6284.238413578695,0.06601799670463193,0.001706988571299373
6305.246597884667,0.07209254222848101,0.0017094121468983787
6326.325012468166,0.07522270836988307,0.0017139625525539014
6347.4738921087355,0.08649358479429962,0.0017433097341047119
6368.693472370778,0.09535955997025995,0.0017647246740194397
6389.9839896061985,0.10422056822825233,0.0017623980737754145
6411.345680957023,0.11536644463809714,0.0017990793305061802
6432.7787843580345,0.12494221697718497,0.001820175070055388
6454.283538539437,0.12868716215598414,0.0018830897817795661
6475.860183029508,0.13105636015259697,0.0019212661473611828
6497.508958157264,0.1285338750722243,0.001995786574166167
6519.230105055148,0.13447994208696323,0.002014405221392188
6541.023865661702,0.13250211017321437,0.0019316237737446438
6562.890482724266,0.12837521404733604,0.0018700173375636696
6584.830199801685,0.12246998562071439,0.0018068096836700448
6606.843261267024,0.11235789788924236,0.0017175390416033756
6628.929912310285,0.10160222992043871,0.001649266713561084
6651.0903989411345,0.09090801092351357,0.0016010395981203873
6673.324967991654,0.08046885348406631,0.0015631160201651185
6695.633867119077,0.07588103665835524,0.0015084269409683837
6718.017344808559,0.0685575621297955,0.0014589903995113776
6740.475650375945,0.06489978651591663,0.001428906949994043
6763.009033970533,0.060076128138679935,0.0014195289737151924
6785.617746577873,0.05711016087531487,0.0014031915613952628
6808.302040022556,0.056653521054231326,0.0013831264556035511
6831.062166971027,0.051103899622618854,0.0014236257305265093
6853.898380934393,0.05173038878485581,0.0016021278660094881
6876.81093627124,0.04789348166089847,0.0016375424422010057
6899.8000881904845,0.051969927297450536,0.0016035250595816727
6922.866092754194,0.049780789691237406,0.0015512478473328308
6946.0092068804615,0.05046860235489893,0.0015787730561452325
6969.229688346255,0.04792638845250344,0.0015098256553615467
6992.52779579028,0.04648686208344587,0.0014589944025511503
7015.903788715879,0.04339758653269709,0.00137987962962759
7039.357927493908,0.03959700326103762,0.0013107177782313792
7062.890473365647,0.04282637046323595,0.001348698052595924
7086.501688445705,0.04133639824425386,0.001371537666881655
7110.191835724931,0.045126644288370224,0.001381458603912536
7133.961179073358,0.04635947810975778,0.0013887907127982135
7157.809983243131,0.05148541608556716,0.0013667489972093959
7181.738513871466,0.05542121158369413,0.0017801412010833492
7205.747037483605,0.057543175142930135,0.002066392021712882
7229.835821495773,0.05457662666026632,0.0017368768833156514
7254.005134218174,0.05564943931374236,0.0014676922611639965
7278.255244857964,0.05598061225500505,0.0014364603268444537
7302.586423522268,0.06075936797740321,0.0016482739242460079
7326.998941221176,0.06048953921309912,0.001619348512700692
7351.493069870756,0.06365110098332638,0.0016105018457117089
7376.069082296098,0.06889445267783746,0.0016273162251822957
7400.727252234339,0.07230914336900497,0.001652951010843901
7425.467854337722,0.06883928138811933,0.0017030901695600615
7450.291164176657,0.0666319359214016,0.001748214954200154
7475.197458242774,0.06111824437015245,0.0016769379898072517
7500.187013952019,0.06263442139703304,0.001675305935029183
7525.260109647734,0.0574966869602419,0.0015441765188291586
7550.4170246037675,0.05328350779494502,0.0016353404161682814
7575.658039027581,0.06073632836203044,0.0015967615835676251
7600.9834340633615,0.06742521465062237,0.0015349540518438582
7626.393491795165,0.06789692770344133,0.001441131819815466
7651.888495250046,0.0711070714797487,0.0014171195297387916
7677.468728401224,0.07157350391704564,0.0013912438385370708
7703.134476171246,0.07083916488245026,0.0013753132615800616
7728.886024435141,0.06851367107058062,0.0013550000648819536
7754.723660023623,0.06471104889932532,0.001329661798372063
7780.6476707262755,0.06561950757212404,0.0013266134935732477
7806.658345294771,0.06272141084288119,0.0013197462439086378
7832.755973446074,0.06375480269026125,0.0016416916926845417
7858.940845865665,0.05825674556720119,0.0017065066261172323
7885.213254210794,0.05475983498722768,0.0016697070364392159
7911.573491113709,0.047695937422967405,0.0017518988092318929
7938.021850184939,0.04685320279722893,0.001606898151615232
7964.558626016547,0.04345092546877069,0.0017735734624494558
7991.184114185413,0.043805109721285276,0.001670382478616138
8017.898611256533,0.03934325148634714,0.0015357766051283634
8044.702414786312,0.03525409804571047,0.0013941820624021792
8071.595823325894,0.038383773806408436,0.0012912831863744108
8098.57913642448,0.0331787251952997,0.0012294217992666668
8125.652654632648,0.02651434328133814,0.0011690533471441916
8152.81667950573,0.02070221121996891,0.0013620038652846897
8180.07151360715,0.013892340294946182,0.0015207624375088748
8207.417460511802,0.0065153491289074335,0.001402230333056369
8234.854824809423,0.009975895358948486,0.0011089439597650743
8262.383912108004,0.011161998873944116,0.0010753598528667118
8290.005029037178,0.011843128286088238,0.0017475795590313177
8317.718483251632,0.017102007900374038,0.0016457187088571785
8345.524583434553,0.016755398689937317,0.0017327369384403134
8373.42363930105,0.015645371333068307,0.0017871851106088126
8401.415961601604,0.0213471545374979,0.0016592848040284098
8429.501862125539,0.03617231231902133,0.0019190296353543126
8457.681653704487,0.04769101679256951,0.0018576018215244387
8485.955650215876,0.05226246337395302,0.00172697533708334
8514.324166586423,0.052767048771193176,0.001637676127479186
8542.787518795645,0.06188962406642829,0.0015301743224824587
8571.346023945849,0.062246016601955445,0.001500618797963567
8600.000000000004,0.06062556869689695,0.00144218675020995
