wave,flux,sigma
3300.0000000000005,-0.020296055435985685,0.0639293838458746
3311.0318870238752,0.028355823186379824,0.06246429930883639
3322.1006535769357,-0.04023530456550639,0.06199511967442602
3333.2064229988164,-0.08718827274761437,0.06206545683485827
3344.349318964206,-0.04226591338998731,0.06111180850956494
3355.52946558699,-0.11820650280903387,0.06170717543439539
3366.7469873959726,-0.0023774719473836792,0.06143860678960022
3378.0020093362546,0.0598201043605711,0.05836629971296364
3389.2946567706267,-0.0643959239703561,0.05749278794722366
3400.6250554809667,-0.03178896730987764,0.053858710720625716
3411.9933316696415,0.021534614674821307,0.05012207155291364
3423.3996119609133,-0.014554986032086548,0.05062289989692551
3434.844023402349,0.004528014561419498,0.0510745474682348
3446.3266934662315,0.04091122398212399,0.05188226777947573
3457.847750050986,-0.014231153111699927,0.05110183298842606
3469.4073214825994,-0.057000722258325774,0.05105405037997772
3481.0055365160556,0.060252679492844755,0.0483132652119103
3492.6425243367635,0.012021363373721384,0.04441762014376235
3504.318414561997,0.006753393201649647,0.042319180153666446
3516.033337242342,0.013249627221064555,0.04239942248136884
3527.7874228631417,0.047278411371547896,0.04309273969157812
3539.5808023459526,0.056711912894714875,0.042584631128815977
3551.4136070500026,0.01408828271524684,0.043409711219997336
3563.28596877365,-0.07413530994949796,0.04487832606101431
3575.198019755855,0.08918861078444727,0.044567760382158934
3587.149892677652,0.07142383386289138,0.04134111050898451
3599.1417206636297,0.014696109943815797,0.040484301794426684
3611.173637283412,0.05651608225794858,0.0411525979187992
3623.2457765531435,0.04106645297172098,0.041189381148112075
3635.3582729369846,-0.02314389845459052,0.04214035305235916
3647.511261348607,0.12481497155337373,0.046053306367924214
3659.7048771527016,0.08589584323449281,0.046670194337333624
3671.9392561664827,0.07616242095328885,0.0454371985785007
3684.2145346612006,0.013621196698002443,0.044530411180369316
3696.5308493636576,0.032009441895249416,0.04455192617060638
3708.8883374577335,-0.07069416652868432,0.044708246365826536
3721.2871365859164,0.024423570089589702,0.043999152584599514
3733.7273848508326,0.12415890731707958,0.04202887378472576
3746.2092208167815,0.030877620144585546,0.0410217861664452
3758.7327835112833,0.10873866936705305,0.04099651687343938
3771.298212426627,0.1276676463274895,0.041810705066197204
3783.9056475214256,-0.04045892330208396,0.04137762225958779
3796.555229222173,0.07963107041534173,0.04194097240714593
3809.247098424805,0.00987495588510492,0.0414421864883752
3821.981396496276,-0.032498145844772286,0.039301753457591536
3834.758265276125,0.03369237968304466,0.03855124874794033
3847.577847078064,0.07772881788878903,0.03790832214208191
3860.4402846915605,-0.028180715809733588,0.036894347767136786
3873.3457213834213,0.07267132701978984,0.036262410199970875
3886.294300899397,0.07819847819219228,0.03621663076143124
3899.2861674657775,0.10220921889981753,0.03532931480929344
3912.3214657910025,0.06241980500964103,0.03422536675082555
3925.4003410672735,0.07491358929822498,0.0323064687075092
3938.5229389721653,0.10485172006756083,0.0327021886969996
3951.689405670252,0.09311707263553147,0.03370509970023971
3964.8998878147377,0.10809066844472276,0.033911406204811916
3978.154532549086,0.15712445080014084,0.03425858029096522
3991.453487508664,0.0050982071124289615,0.03370091927126224
4004.796900822377,0.08241119085285026,0.033495083407627406
4018.18492111433,0.07242046750686695,0.03340062050531021
4031.617697505474,0.0417989079475535,0.033251499668001304
4045.0953796152735,0.1068010345803582,0.03324201179124344
4058.618117563371,0.058035558792670354,0.03346716404636937
4072.1860619712556,0.09272002252286181,0.0332865117963966
4085.799363963945,0.022765788385736584,0.032547537822981774
4099.458175171663,0.04201078823000394,0.03245195707771388
4113.162647731542,0.08388518128455083,0.032516482536323825
4126.912934289301,0.04191520067291868,0.03235322121706399
4140.709188000954,0.08555892414108515,0.03196043351089748
4154.551562534517,0.07780581840814035,0.0317740324597384
4168.440212071713,-0.022918813605004987,0.03179353560550171
4182.3752913097,0.03822443086793225,0.03157993597703426
4196.356955462785,0.07556541227581164,0.03127464294254345
4210.385360264156,0.0860014581378972,0.03129537530888613
4224.460661967617,0.07272251024372381,0.03098794481017954
4238.583017349324,0.048997342312164065,0.03015523849025315
4252.752583709542,0.09625852159918322,0.02924507408523267
4266.969518874386,0.06276974136931406,0.028713531425435722
4281.233981197582,0.029023590763482408,0.02849040108569965
4295.5461295622345,0.09045109460226444,0.028126714133736477
4309.906123382591,0.06731485673049938,0.02823677880275767
4324.314122605823,0.08148987606521357,0.028663216823038618
4338.770287713807,0.07804242987117918,0.02818612793476467
4353.274779724901,0.11500487672256847,0.02746838982307965
4367.827760195754,0.07838392977010152,0.02737610686811124
4382.429391223097,0.04942956671832216,0.02736709527341167
4397.079835445547,0.036646840839172724,0.026989147734846078
4411.779256045427,0.02043442552131995,0.02655176829685365
4426.527816750571,-0.011441432317267953,0.02590722220402687
4441.32568183616,-0.0009441675903175287,0.02509453572695941
4456.17301612654,0.022068054040616625,0.025565677129534743
4471.06998499707,0.07130053381383833,0.02614015005502805
4486.01675437596,0.0026857583088697222,0.025961321461960986
4501.013490746111,0.05206720508140414,0.02595350589636993
4516.060361146975,0.09524505122931355,0.026349860900641866
4531.157533176423,0.12298093875749525,0.026729565223786667
4546.3051749926035,0.05773447282740991,0.026789657692937452
4561.503455315809,0.05218570306657877,0.02753415574581509
4576.752543430374,0.09720844939168671,0.02845749869103658
4592.052609186547,0.10280000038731292,0.030317685610112083
4607.403823002376,0.11892165728235388,0.03309032039453851
4622.8063558656295,0.1954181841539771,0.03528515113751925
4638.260379335682,0.13548345645719817,0.03761330738198836
4653.766065545426,0.20001410415005133,0.03833928980373022
4669.323587203196,0.17504561211037867,0.03332684179189023
4684.933117594696,0.10613183680503158,0.03187411066350827
4700.594830584916,0.1244365040627644,0.035016699475489216
4716.308900620076,-0.02176482110732083,0.04979007964345434
4732.075502729573,0.05675032779332469,0.04567477046810193
4747.894812527928,0.11698836077464111,0.04088876785390671
4763.767006216733,0.09203893928528618,0.03523559248184628
4779.692260586626,0.014885032728353934,0.030341474531790626
4795.67075301926,0.08646372404629438,0.027967905645140297
4811.702661489265,0.036354626394151185,0.02697375044782606
4827.7881645662455,0.01442891952834477,0.02604472361846013
4843.927441416762,0.06756764735416759,0.025350922709928767
4860.120671806329,0.022451919380481505,0.02397355798420035
4876.368036101411,0.04726729644970231,0.02246036497118065
4892.669715271444,0.03489894431407416,0.021293906728579913
4909.025890890844,0.06903945658034644,0.020410351910757758
4925.436745141022,0.04958198091221361,0.019648366598805804
4941.902460812428,0.04578553048636397,0.018679719493237937
4958.423221306581,0.05990050886631243,0.017919231905262872
4974.999210638101,0.07229237330951635,0.017428278872092296
4991.630613436779,0.03590263950212198,0.016939314633578034
5008.317614949616,0.07664601543098364,0.016266937599273962
5025.060401042893,-0.009871044755124101,0.01567194008271994
5041.8591582042445,0.03520356237008303,0.015319771730013384
5058.71407354473,0.039643238080608684,0.015062234780689058
5075.625334800925,0.047602056771448735,0.014919587913152628
5092.593130337,0.010249379038678317,0.015149626748764107
5109.61764914683,0.035670289139718155,0.014829295528239465
5126.699080856102,0.05497631642387676,0.01367636609393593
5143.837615724411,0.043464652874300735,0.013409838888982851
5161.033444647393,0.04001295555821707,0.013192185155497499
5178.286759158847,0.043264296681004885,0.012838419352605317
5195.59775143287,0.05514459208647336,0.012576032618149505
5212.966614285993,0.06667096441602913,0.012465220611787758
5230.393541179339,0.06056173252949927,0.012161975437274082
5247.878726220767,0.05096944296590399,0.011709147337706324
5265.4223641670305,0.06465945041046947,0.011403476021622705
5283.024650425963,0.06245012943774288,0.0113537704674481
5300.685781058646,0.07302340221540271,0.01122896337401705
5318.405952781588,0.07643314871802509,0.011003309929550684
5336.185362968923,0.05930134223974762,0.010790447334122448
5354.024209654601,0.06859871101961594,0.010644650573098153
5371.922691534604,0.07140934459491166,0.010939336485431713
5389.88100796915,0.061448794983764536,0.010752539826313773
5407.899358984922,0.0728635185110553,0.010174037589095646
5425.977945277293,0.06158700270823073,0.009947038859965734
5444.116968212549,0.06912786081244977,0.009829795172056345
5462.316629830153,0.06625213093468796,0.00974470931855234
5480.577132844979,0.0850001645917691,0.009629408042626174
5498.89868064958,0.0934413757052086,0.009539215168136453
5517.28147731645,0.1029761037063078,0.009320675042007086
5535.725727600293,0.09421537753499087,0.009067220111355157
5554.23163694031,0.07405454907200541,0.008871331288962874
5572.79941146248,0.0897150245328559,0.00872536050705661
5591.429257981867,0.06646326492645288,0.008502168113978048
5610.121384004915,0.06548848861670527,0.008277675274877843
5628.875997731756,0.042475575777947985,0.00816358064815265
5647.69330805854,0.06684258172945978,0.008051701620457133
5666.573524579752,0.04792481479322682,0.00795136982622748
5685.516857590555,0.03348843900045738,0.007861821104638327
5704.523518089128,0.04928104295536337,0.007845977573608701
5723.593717779009,0.0432836433844599,0.007737883515185182
5742.727669071467,0.05285107622468041,0.0077847336570304616
5761.925585087854,0.07290153241668465,0.007798203479245988
5781.187679661996,0.07177878211093468,0.0074895801456579016
5800.5141673425605,0.09925622409627392,0.007403866578440231
5819.905263395445,0.07045033751305288,0.007286061641855582
5839.361183806187,0.08026929990000742,0.0070204991422354425
5858.882145282354,0.08010388251017302,0.006845809840923901
5878.468365255977,0.07625569698413637,0.00678245998132307
5898.12006188596,0.06084511782872526,0.006804064084462464
5917.837454060502,0.07827750598075073,0.006720428745150936
5937.620761399551,0.07117616749432355,0.0065776045313813555
5957.470204257241,0.04314409460728488,0.0064332981008439075
5977.386003724353,0.047908264276160704,0.006288082242032057
5997.368381630775,0.04594829703042157,0.0061530777368767
6017.417560547961,0.044476847527228296,0.006034236433000738
6037.533763791432,0.04700178296783411,0.0059557280811000325
6057.717215423248,0.044654408994173125,0.005932176676718738
6077.968140254503,0.04038655326847651,0.005904102697330707
6098.286763847838,0.03423118074979296,0.005735721252042527
6118.673312519953,0.03861284971299705,0.0056080372720868025
6139.128013344114,0.055969854397696334,0.0055537860303515015
6159.651094152697,0.040174432232494214,0.005518620438242743
6180.242783539723,0.042360168149229216,0.0054295421321675
6200.903310863401,0.0509207338572816,0.0053471018683970825
6221.632906248681,0.04731430550441511,0.005444933039408539
6242.431800589825,0.038910764565890606,0.005537226078283299
6263.300225552964,0.04815002506842175,0.005673453165659398
6284.238413578695,0.029552394348411178,0.005760577974871839
6305.246597884667,0.026338402899713315,0.005509118450887169
6326.325012468166,0.03154217526804852,0.005370971734314659
6347.4738921087355,0.03651777339934347,0.005275763609603183
6368.693472370778,0.02713195685795925,0.005167371623995378
6389.9839896061985,0.033649891231739136,0.005045150504419252
6411.345680957023,0.06599349756940982,0.005053630587507306
6432.7787843580345,0.06023379692477867,0.005032320211923094
6454.283538539437,0.05952093967983855,0.004980803776096888
6475.860183029508,0.06367548461480199,0.004961840180750509
6497.508958157264,0.07181365460629341,0.004941109509189813
6519.230105055148,0.06653747129322793,0.004905129035146466
6541.023865661702,0.07141794419719996,0.0048942632612244096
6562.890482724266,0.050071569329439986,0.00488506942268116
6584.830199801685,0.06683790877511739,0.004825220823243104
6606.843261267024,0.051249998709582106,0.005223273410155391
6628.929912310285,0.034863823892832,0.005365853529561465
6651.0903989411345,0.04002924537192144,0.005255534996899725
6673.324967991654,0.038359812163534845,0.00511220954537628
6695.633867119077,0.014165777926518752,0.0050514727217204364
6718.017344808559,0.017850537363926118,0.004883442304382306
6740.475650375945,0.014375658206612291,0.0046601363419663784
6763.009033970533,0.010450403228408466,0.0045425592179266115
6785.617746577873,0.03108600029067348,0.0044503663218658646
6808.302040022556,0.010332088699347179,0.004355348445941179
6831.062166971027,0.020294617083365017,0.004502592750235708
6853.898380934393,0.01401914352629928,0.004395739661479411
6876.81093627124,0.022438321898469837,0.004543662414219733
6899.8000881904845,0.024200782382177568,0.004414545287457061
6922.866092754194,0.031255416192831724,0.004714049607912572
6946.0092068804615,0.04277942616253718,0.006164643997074416
6969.229688346255,0.015613165246608284,0.005936517780663402
6992.52779579028,0.018427314016841022,0.004961229289133954
7015.903788715879,0.01647521577237568,0.004266187947128333
7039.357927493908,0.019921928875976085,0.004638465951079381
7062.890473365647,0.015693649638970488,0.0048540967590486525
7086.501688445705,0.021240260392669706,0.004777633757015613
7110.191835724931,0.022310514119237138,0.004654195724855432
7133.961179073358,0.02161877523666985,0.004853260576075618
7157.809983243131,0.03873639421680573,0.004882052885635178
7181.738513871466,0.029735907038595813,0.005136256975560098
7205.747037483605,0.025787696448302436,0.004809726761464201
7229.835821495773,0.031333441706545576,0.005114982930630761
7254.005134218174,0.019722760528346643,0.004770190173061346
7278.255244857964,0.030248079700000822,0.0049070531658287776
7302.586423522268,0.028671034770656894,0.00496567313472815
7326.998941221176,0.046629622768387065,0.004730974502304511
7351.493069870756,0.024727805357876224,0.004511622320663639
7376.069082296098,0.03694132385720002,0.004307679641703447
7400.727252234339,0.022893712345445336,0.004177880290376001
7425.467854337722,0.033516593259267445,0.004094740509534472
7450.291164176657,0.03365489917067267,0.004138740685021318
7475.197458242774,0.033649557557284424,0.004114363333062875
7500.187013952019,0.02820756602244539,0.004045602132931441
7525.260109647734,0.025198106290568376,0.0040166440474178325
7550.4170246037675,0.016441293884931357,0.004331393306507045
7575.658039027581,0.02450286244092334,0.00530411717340062
7600.9834340633615,0.03262061765208018,0.004722686283670463
7626.393491795165,0.020711083936218032,0.005436866385576486
7651.888495250046,0.0314755110333258,0.004911851389609708
7677.468728401224,0.028664233532163134,0.005311096266131304
7703.134476171246,0.05649519112359319,0.005334804540245988
7728.886024435141,0.04171604086094541,0.004898130136768986
7754.723660023623,0.03407093408172685,0.004661979818598059
7780.6476707262755,0.03801466702242732,0.004298354558553658
7806.658345294771,0.0367591570512364,0.004059916310340905
7832.755973446074,0.02462559384020406,0.003881292792785115
7858.940845865665,0.01719174407584319,0.003974824150357969
7885.213254210794,0.014788473414547854,0.004439817689115645
7911.573491113709,0.014956170669642352,0.0044712529950465905
7938.021850184939,0.022288178939394096,0.004033804808499313
7964.558626016547,0.010991171027680876,0.003694873868960171
7991.184114185413,0.014519262578777012,0.004596010401697293
8017.898611256533,0.019055724883138274,0.005773802881900825
8044.702414786312,0.0061846244567310615,0.004835697124600803
8071.595823325894,0.003941636445793128,0.005771955027555139
8098.57913642448,0.008797348241737892,0.004905027586473919
8125.652654632648,0.04267166108208893,0.005534142652554457
8152.81667950573,0.010237324866848991,0.005629984299894961
8180.07151360715,0.012380182723541931,0.005155452234116513
8207.417460511802,-0.0034440864596176944,0.004988662003687148
8234.854824809423,0.0070096018265028495,0.004767595487505575
8262.383912108004,0.004857113895189318,0.004439034874342782
8290.005029037178,-0.00507034510158704,0.0041332759528137876
8317.718483251632,0.0033392391965907206,0.004194160948628688
8345.524583434553,0.005663994702227405,0.004109894604891238
8373.42363930105,0.0014900270373777386,0.0041438050078618435
8401.415961601604,0.0016305084809622693,0.004091893127224883
8429.501862125539,0.022543974101415495,0.0044745744155911425
8457.681653704487,0.027495705114445768,0.004522438573602636
8485.955650215876,0.01857753992455083,0.0059574393490333145
8514.324166586423,0.0044936627535943525,0.00934917959747048
8542.787518795645,0.023666686153904562,0.00833559566202569
8571.346023945849,0.04369007721160778,0.01045714139053391
8600.000000000004,0.015902099181651672,0.007686406599214314
