wave,flux,sigma
3300.0000000000005,0.014054394628447587,0.019952759972233457
3311.0318870238752,0.004584159135962736,0.02005766755064145
3322.1006535769357,-0.0027677179798643987,0.019929068129732653
3333.2064229988164,0.017577083476272577,0.01925760639298959
3344.349318964206,0.03038915474377933,0.01837289585803762
3355.52946558699,0.02111300454646098,0.01785921916933037
3366.7469873959726,0.00930303895507819,0.017539097639443915
3378.0020093362546,0.02621449460436302,0.017076141260580036
3389.2946567706267,0.01603924371438812,0.01742018136277304
3400.6250554809667,0.018361592147407985,0.01703719675008044
3411.9933316696415,0.029498481625656423,0.01640190780013606
3423.3996119609133,-0.0003639850900301986,0.01609940364614217
3434.844023402349,-0.0010445623015913755,0.015621397285827173
3446.3266934662315,0.031174820674433477,0.015012897772416232
3457.847750050986,0.004747724656084136,0.015183645731845856
3469.4073214825994,0.04872170053664521,0.01530672448904793
3481.0055365160556,0.008516369725145042,0.015241358944105271
3492.6425243367635,0.026221091048528676,0.014623531434303786
3504.318414561997,0.03978476843022408,0.014166173739464598
3516.033337242342,0.030901136475853613,0.013885343821017946
3527.7874228631417,0.0474348755391172,0.0136402253840471
3539.5808023459526,0.034647674963995505,0.013435281652261726
3551.4136070500026,0.021805369200234993,0.013174923856616168
3563.28596877365,0.04554266588572069,0.013104697626626773
3575.198019755855,0.056365938524799306,0.01316296302681466
3587.149892677652,0.033768865495342235,0.013183055573713746
3599.1417206636297,0.03575877537150318,0.013166720172878637
3611.173637283412,0.03809823185748378,0.013100449562537728
3623.2457765531435,0.06306482016780313,0.012782935733379581
3635.3582729369846,0.051386634867942094,0.012439571336444341
3647.511261348607,0.060600708445672447,0.01220131897324172
3659.7048771527016,0.02461893051976492,0.012177274053158708
3671.9392561664827,0.07855497016760471,0.01212656350846685
3684.2145346612006,0.060392795976491526,0.012029881583234633
3696.5308493636576,0.05506042620066676,0.012109364690253917
3708.8883374577335,0.05869920683182778,0.012579899293922035
3721.2871365859164,0.07241199517780575,0.01248981598250739
3733.7273848508326,0.06507577647153488,0.011605222252049309
3746.2092208167815,0.03834323688904974,0.010839427828971078
3758.7327835112833,0.047435345962702866,0.010657182554865367
3771.298212426627,0.03647024577798339,0.01071373856623829
3783.9056475214256,0.04657885677266228,0.010534744813812226
3796.555229222173,0.008864329417117425,0.010627108983044416
3809.247098424805,0.05041325937187591,0.010864716481435667
3821.981396496276,0.040281540966497865,0.01070886468340738
3834.758265276125,0.04399844166145446,0.010383094350179797
3847.577847078064,0.04735638529201201,0.010229814666330725
3860.4402846915605,0.06561046828906651,0.010037668928950484
3873.3457213834213,0.06387109831532617,0.010034432437635164
3886.294300899397,0.08517348550609874,0.009933579737620924
3899.2861674657775,0.07972742415447776,0.009919576695907815
3912.3214657910025,0.06888949898758714,0.009790724643261143
3925.4003410672735,0.07475862289743378,0.009662958857109197
3938.5229389721653,0.09471646277489548,0.009694187813985851
3951.689405670252,0.08853244088512884,0.009599663774998494
3964.8998878147377,0.10051937754434741,0.009559408954125943
3978.154532549086,0.08784137821674579,0.009555090758877009
3991.453487508664,0.086174087923811,0.009323942608161469
4004.796900822377,0.09649737869301875,0.009265807381705316
4018.18492111433,0.0718705341657248,0.009054402009194672
4031.617697505474,0.04030599022814911,0.008727911091996459
4045.0953796152735,0.0595707758559547,0.00867761276852269
4058.618117563371,0.05686137596750324,0.008854230359841585
4072.1860619712556,0.049068583803328986,0.0088900474374731
4085.799363963945,0.06626430078287082,0.008734040101888434
4099.458175171663,0.05435316663736228,0.008618518404633709
4113.162647731542,0.06998501659805352,0.008456655755231033
4126.912934289301,0.04896448090213221,0.008442448809302361
4140.709188000954,0.050803781318782354,0.008493132463494295
4154.551562534517,0.04968177129074227,0.008475976142000017
4168.440212071713,0.04994221384442313,0.008390257029824785
4182.3752913097,0.06367715959002548,0.008464748333553722
4196.356955462785,0.06258909946774874,0.008544725385973168
4210.385360264156,0.07420525063305194,0.008542622486022784
4224.460661967617,0.08388767181038251,0.008401702625437029
4238.583017349324,0.035290355301194815,0.008203108710698223
4252.752583709542,0.06943368667492827,0.008096131681929736
4266.969518874386,0.07279194538139577,0.008084928995301008
4281.233981197582,0.08113953402012952,0.00794946665216227
4295.5461295622345,0.05669302472816715,0.00781343017396044
4309.906123382591,0.07584067665327782,0.007877645952984236
4324.314122605823,0.0772701721831639,0.007977568673693699
4338.770287713807,0.07416237538856006,0.0077986434321836344
4353.274779724901,0.056019174592751644,0.007578581439112667
4367.827760195754,0.04209527910653006,0.007491494614721991
4382.429391223097,0.03963209100068418,0.007423678928647897
4397.079835445547,0.03393131877382613,0.007304967655949382
4411.779256045427,0.0442630681192558,0.007293869992953541
4426.527816750571,0.047665649936331975,0.0072969425271445475
4441.32568183616,0.05038987279857728,0.007186549548985473
4456.17301612654,0.051453099036129435,0.007170693219547252
4471.06998499707,0.05055613035872138,0.007177491758435086
4486.01675437596,0.06338735133105612,0.007193372878684378
4501.013490746111,0.03981908167126912,0.007261549888367259
4516.060361146975,0.07359797616141509,0.0073757924353768135
4531.157533176423,0.08326274733859826,0.0074794328610938215
4546.3051749926035,0.0914082065860377,0.007461888325301096
4561.503455315809,0.09078458958506963,0.007645428336853355
4576.752543430374,0.10539416927647186,0.007919973441115858
4592.052609186547,0.12756808932345517,0.008271229181030144
4607.403823002376,0.12161056285765084,0.008589782190869283
4622.8063558656295,0.12016533060469156,0.008967720419860811
4638.260379335682,0.12032094689311235,0.009580660275379823
4653.766065545426,0.11879330033660498,0.010321471264765382
4669.323587203196,0.0870108344621279,0.011081380906508086
4684.933117594696,0.1005998359833381,0.011553595695280647
4700.594830584916,0.04557560064274768,0.01160898464142628
4716.308900620076,0.062312333713698584,0.011470738799197043
4732.075502729573,0.06339478483943176,0.011278633595342173
4747.894812527928,0.04893467677241311,0.011086837614441552
4763.767006216733,0.058203143178961296,0.011065911376493128
4779.692260586626,0.062494347838526594,0.01128172180896687
4795.67075301926,0.0722129611512089,0.012835831518278856
4811.702661489265,0.02587796335906272,0.014606271263992887
4827.7881645662455,0.06662469199842022,0.02778567036000879
4843.927441416762,0.06514807479774892,0.02350788741968072
4860.120671806329,0.05413421205355637,0.022068309687994395
4876.368036101411,0.04859216811321471,0.02150998364537025
4892.669715271444,0.09290676864868337,0.020663071167886612
4909.025890890844,0.0861003801271725,0.01971201495693829
4925.436745141022,0.11447859776676428,0.01871258452649695
4941.902460812428,0.11286708467533013,0.017361932069744863
4958.423221306581,0.14231072250911161,0.01592233986555773
4974.999210638101,0.12386325955804375,0.014945151057492214
4991.630613436779,0.08023201397870547,0.014120796000368394
5008.317614949616,0.06006598806842101,0.013237562534271451
5025.060401042893,0.0434278716122663,0.012631159908866894
5041.8591582042445,0.081154304658791,0.012089809772324472
5058.71407354473,0.06324449881628225,0.011518808230002385
5075.625334800925,0.05713227510863203,0.011078404545056047
5092.593130337,0.05453261105181541,0.010682476964471747
5109.61764914683,0.052774778839732556,0.010337264641237914
5126.699080856102,0.05785227989107329,0.010073820100332602
5143.837615724411,0.06045950327613704,0.009753941454655477
5161.033444647393,0.050666175534707134,0.009548865465954771
5178.286759158847,0.06943000341397887,0.009301806530917188
5195.59775143287,0.06953863288324437,0.009193039126975448
5212.966614285993,0.09476343676267074,0.009983516460708384
5230.393541179339,0.07278506453770292,0.009782851557492927
5247.878726220767,0.093557154627983,0.008423019032720339
5265.4223641670305,0.11073362949931054,0.008242649076105916
5283.024650425963,0.11650453195057858,0.008222474542845252
5300.685781058646,0.12666338562831278,0.008091698312546233
5318.405952781588,0.12846118281449673,0.007781566541285892
5336.185362968923,0.11720576797124323,0.007512627414873066
5354.024209654601,0.10467230880194851,0.00726920226724318
5371.922691534604,0.09263510400694833,0.007073880544800873
5389.88100796915,0.09857617638229407,0.006966420416508895
5407.899358984922,0.11143153923090635,0.006902444008849685
5425.977945277293,0.12622488917354513,0.006859955585095509
5444.116968212549,0.1524047029607698,0.0068403592708608674
5462.316629830153,0.16241385170539246,0.0068153253901812975
5480.577132844979,0.16546717986986292,0.0068182471049384255
5498.89868064958,0.16948831436116774,0.0069187332272316136
5517.28147731645,0.14172965453620676,0.006760114796642577
5535.725727600293,0.1570074977797981,0.006451688119424791
5554.23163694031,0.14703025558446733,0.006315893317038672
5572.79941146248,0.148181614673782,0.006217230829145545
5591.429257981867,0.13176707048767528,0.006035513575101738
5610.121384004915,0.1216291896022123,0.00586345613552005
5628.875997731756,0.11551149469976525,0.005721832169000406
5647.69330805854,0.10555296483009835,0.005522463551261028
5666.573524579752,0.0928184923011201,0.005379389433195523
5685.516857590555,0.09171508466968786,0.005241192161110173
5704.523518089128,0.07473233654538824,0.0051389928891124115
5723.593717779009,0.07731066360607979,0.005042310978015094
5742.727669071467,0.06533839021599006,0.004948962059859396
5761.925585087854,0.08277176549037055,0.004938145397368567
5781.187679661996,0.08820174209772524,0.0048718836220964625
5800.5141673425605,0.09972105944217857,0.004853371203804861
5819.905263395445,0.11992096954458971,0.004904692193069852
5839.361183806187,0.11263161691127142,0.004873388730614448
5858.882145282354,0.1260447928271446,0.00481102222078342
5878.468365255977,0.12886305094241404,0.005119379070437243
5898.12006188596,0.13548267458877689,0.005226827437774826
5917.837454060502,0.11023530933123547,0.004769652978086026
5937.620761399551,0.1051042202779772,0.004591096863183356
5957.470204257241,0.0942847360775061,0.0044979264893617605
5977.386003724353,0.07957173911310417,0.004268828091405006
5997.368381630775,0.07928648240681484,0.004143640628172287
6017.417560547961,0.07891749972970699,0.004079758697634587
6037.533763791432,0.08251572658740677,0.004099251100493262
6057.717215423248,0.08224647700534192,0.004100596570934079
6077.968140254503,0.0691526936293429,0.004042378052831165
6098.286763847838,0.07216736775942853,0.003968023261232085
6118.673312519953,0.0724322726155554,0.0038903147188133107
6139.128013344114,0.060013320093176004,0.003811784114631755
6159.651094152697,0.05502835152881253,0.0037291336472922995
6180.242783539723,0.050324159501034,0.003637816684590648
6200.903310863401,0.05809769765185869,0.0035568123762328794
6221.632906248681,0.06602039348415348,0.0035744861962789744
6242.431800589825,0.06763430378870873,0.003544294543603167
6263.300225552964,0.06555078898394329,0.0034861770576359316
6284.238413578695,0.06970200147005987,0.003458824886719944
6305.246597884667,0.07489500433829943,0.003437545654203833
6326.325012468166,0.08267964819747335,0.0034325024275251156
6347.4738921087355,0.08979384845779445,0.003452692025624802
6368.693472370778,0.10409414824562874,0.003509491760597241
6389.9839896061985,0.1050265403406931,0.003622090077642608
6411.345680957023,0.12639210874866175,0.003857280979987761
6432.7787843580345,0.1288621096711085,0.004021335072782356
6454.283538539437,0.1318762777667804,0.0038374733361034533
6475.860183029508,0.13391985754410163,0.003714321884153068
6497.508958157264,0.13791919364298277,0.003653495218428447
6519.230105055148,0.1397965738407425,0.0036172283731476487
6541.023865661702,0.1333242262504672,0.0035208935284572907
6562.890482724266,0.12061115706664485,0.003403942915529707
6584.830199801685,0.1130124007747228,0.0033305227016399825
6606.843261267024,0.10634619168517317,0.0032850971139015985
6628.929912310285,0.09745747192890886,0.00322192671388831
6651.0903989411345,0.08316390284805031,0.0031529438203422365
6673.324967991654,0.07744674742629709,0.003109966713307168
6695.633867119077,0.06874709773736173,0.0030587569465978584
6718.017344808559,0.06503279475340021,0.0030511520923133997
6740.475650375945,0.06504181959162753,0.003045222563415693
6763.009033970533,0.06228914065492642,0.0033268301163946433
6785.617746577873,0.058598974637369225,0.0034551905370371673
6808.302040022556,0.053566318078203765,0.0033703839573428706
6831.062166971027,0.050362735280389745,0.0033345012736214334
6853.898380934393,0.04974813161846549,0.0033305149244215954
6876.81093627124,0.05037115092939651,0.0032919714724717808
6899.8000881904845,0.056078410315131326,0.0031572670698498534
6922.866092754194,0.0506284543277059,0.0030270076446406815
6946.0092068804615,0.05505309900020553,0.0029731168626213546
6969.229688346255,0.05749272103269987,0.002948472181244513
6992.52779579028,0.05067232341273358,0.003049244496998298
7015.903788715879,0.051643595476928754,0.0029743187785352837
7039.357927493908,0.0422261442080459,0.003012233227522443
7062.890473365647,0.05048252312931652,0.0029740673375162254
7086.501688445705,0.04855068911423364,0.00318162167478758
7110.191835724931,0.04300287128040523,0.004765053786034364
7133.961179073358,0.04318066119316838,0.004804384968453577
7157.809983243131,0.048933083751426,0.0037708891033192272
7181.738513871466,0.05636710585102483,0.0031007862998255107
7205.747037483605,0.05186227211749347,0.00323591318620304
7229.835821495773,0.05517841644819694,0.003362085688262929
7254.005134218174,0.0633645602195021,0.003350054792384864
7278.255244857964,0.05885678053066289,0.003321883671535166
7302.586423522268,0.06645249086595373,0.003412752581311314
7326.998941221176,0.06431381302297118,0.0033761549018965628
7351.493069870756,0.06799635884189434,0.0035892507977496515
7376.069082296098,0.07354840759777376,0.003446827315839823
7400.727252234339,0.0776345851125433,0.0036220441441391993
7425.467854337722,0.07548615300266855,0.0034590074211470084
7450.291164176657,0.07691960634535586,0.0034463324987364955
7475.197458242774,0.0639967209935779,0.0035116944728423847
7500.187013952019,0.058131503831542045,0.003390616921868813
7525.260109647734,0.04798286231696408,0.0032248141622653096
7550.4170246037675,0.04533256043877129,0.003075165742789632
7575.658039027581,0.05322623621528448,0.0030305848353405175
7600.9834340633615,0.061640106566733875,0.003047331119196346
7626.393491795165,0.06561576846722919,0.003082524066657801
7651.888495250046,0.06210923522127545,0.0031120229404616156
7677.468728401224,0.07303473499774812,0.003119814577008047
7703.134476171246,0.06661176177363691,0.003093555226292593
7728.886024435141,0.06376494729397585,0.0032105362792196196
7754.723660023623,0.06247635093283948,0.0038159962244386485
7780.6476707262755,0.05635071018868435,0.003477721018960372
7806.658345294771,0.05736164737359133,0.003875567956265727
7832.755973446074,0.048102760133587094,0.003556688810516083
7858.940845865665,0.040457412916442684,0.0037237739998943345
7885.213254210794,0.05882645927552789,0.0038060968518669807
7911.573491113709,0.04990572018720729,0.0036602775973946164
7938.021850184939,0.039193205589576154,0.003430728100265584
7964.558626016547,0.040635994348714816,0.003213051737304192
7991.184114185413,0.03607213006371082,0.0030702937107292792
8017.898611256533,0.041379714090910916,0.0030136214055244332
8044.702414786312,0.03363712268259641,0.0030338185467134785
8071.595823325894,0.03736142061815404,0.0033425329602882223
8098.57913642448,0.03930026588300576,0.0034391111631741646
8125.652654632648,0.03195115833094695,0.0031482776262942384
8152.81667950573,0.022030455604663445,0.002906913831063901
8180.07151360715,0.014791395948929614,0.003262081060562588
8207.417460511802,0.013983865012573347,0.004096989293384261
8234.854824809423,0.009519389164591054,0.0035385392501707117
8262.383912108004,0.009306906817476937,0.004222789612869296
8290.005029037178,0.016868298727490773,0.003573132793318952
8317.718483251632,0.020447329214984232,0.00396661294984035
8345.524583434553,0.013993918852000537,0.004058746962797407
8373.42363930105,0.0183294695261038,0.0038066241448442687
8401.415961601604,0.01865313140682171,0.0037609110807782687
8429.501862125539,0.029612640734967895,0.0037408070376187394
8457.681653704487,0.03560175993995866,0.0035131986409364818
8485.955650215876,0.038806008497848224,0.003475928487152935
8514.324166586423,0.04648903022553244,0.003595337125947129
8542.787518795645,0.06074697820018715,0.003646337651180291
8571.346023945849,0.06363832687229683,0.003764431781402453
8600.000000000004,0.06568120482760376,0.003705448696859293
