wave,flux,sigma
3300.0000000000005,0.28786550968399194,0.056021272116346665
3311.0318870238752,0.31661337429245096,0.055529399123023654
3322.1006535769357,0.28295387751066675,0.054968021476792146
3333.2064229988164,0.3796230845580147,0.05381017772178865
3344.349318964206,0.4077917730035754,0.052760446735237235
3355.52946558699,0.3290696195391579,0.0525080159677853
3366.7469873959726,0.2994660967917415,0.05184272270630342
3378.0020093362546,0.3461047853097472,0.05006096420752908
3389.2946567706267,0.2638551064794593,0.04967846907193433
3400.6250554809667,0.29905260864038263,0.04848891714718903
3411.9933316696415,0.31426801319941644,0.04711548535757025
3423.3996119609133,0.3625562242227212,0.04727673286966308
3434.844023402349,0.286178245096122,0.04629176266161426
3446.3266934662315,0.3078617163424315,0.04416316009323995
3457.847750050986,0.3230687695296909,0.043475649096214326
3469.4073214825994,0.3634944774325818,0.04328897056523739
3481.0055365160556,0.400478556297123,0.04240680902292308
3492.6425243367635,0.36419228604355525,0.04136836125113595
3504.318414561997,0.44149614271741966,0.04040900419884382
3516.033337242342,0.4675660377651307,0.040005452215156695
3527.7874228631417,0.5013910254390029,0.03952016164499399
3539.5808023459526,0.4752800027555599,0.03924523315658433
3551.4136070500026,0.5163137155883283,0.03920251620535986
3563.28596877365,0.5761923809678268,0.038956088729381444
3575.198019755855,0.49664240823870487,0.03857614301515308
3587.149892677652,0.514964869620833,0.037640013329877764
3599.1417206636297,0.5054887722765885,0.03646294032276684
3611.173637283412,0.44565332350891557,0.035621930034288755
3623.2457765531435,0.4936081692386179,0.03510576874120425
3635.3582729369846,0.49976060749114426,0.034573157706188316
3647.511261348607,0.4911461371617159,0.03426986352851905
3659.7048771527016,0.5165040202641118,0.03409145783202999
3671.9392561664827,0.5204223603728131,0.03324001461976657
3684.2145346612006,0.42429050993101025,0.03209446874898859
3696.5308493636576,0.39031980608338945,0.031197195579541592
3708.8883374577335,0.3157881844137025,0.03137895217018137
3721.2871365859164,0.31936579361750095,0.03171721781062585
3733.7273848508326,0.321581146287631,0.031353029237068036
3746.2092208167815,0.24418706253575662,0.03034059754466075
3758.7327835112833,0.241227724541943,0.03013523292882953
3771.298212426627,0.22624968423694353,0.030326286664524832
3783.9056475214256,0.16430763050861108,0.0298830350817452
3796.555229222173,0.1873484080466491,0.029378243990747614
3809.247098424805,0.26107491784144066,0.028587348737986327
3821.981396496276,0.30642980020772725,0.027713863168398762
3834.758265276125,0.38209233992818026,0.028037344531955513
3847.577847078064,0.41290340975195294,0.028653846452768916
3860.4402846915605,0.5440214075180991,0.029234869678912197
3873.3457213834213,0.5750436634129046,0.029910971497046083
3886.294300899397,0.5748160675296402,0.029662295028686603
3899.2861674657775,0.6198701909236974,0.029016444644216644
3912.3214657910025,0.6731341731991963,0.028440869525785957
3925.4003410672735,0.7124804335308444,0.027704166240531264
3938.5229389721653,0.6288107987891943,0.02729937784332751
3951.689405670252,0.6409105122724883,0.026916007801107863
3964.8998878147377,0.5573795916051942,0.02617948397036128
3978.154532549086,0.44987232417276746,0.025587617853452992
3991.453487508664,0.4723984276829257,0.02501844013248128
4004.796900822377,0.4775866459737423,0.02521757579796999
4018.18492111433,0.5304055866517866,0.024989444445013394
4031.617697505474,0.5138223149532669,0.024606099933159917
4045.0953796152735,0.5266818774817352,0.024658424978411184
4058.618117563371,0.6067028081290435,0.025100402956211767
4072.1860619712556,0.5895592434756631,0.025427556663656196
4085.799363963945,0.6041234060417076,0.02510325607611877
4099.458175171663,0.6525624353502613,0.024616859606797672
4113.162647731542,0.6255978801666333,0.024178114256921367
4126.912934289301,0.5100224972769092,0.024080866991204132
4140.709188000954,0.5791555687462846,0.02406704002909039
4154.551562534517,0.5533694754937366,0.024114117588806275
4168.440212071713,0.5542784864807018,0.024102824781399478
4182.3752913097,0.5527806014258327,0.02394988201345794
4196.356955462785,0.516580261708007,0.023659457983079498
4210.385360264156,0.48209553629828183,0.02335294233418256
4224.460661967617,0.460070071876319,0.023037506902393378
4238.583017349324,0.422344798622729,0.02257346936383601
4252.752583709542,0.4142921889778385,0.02215512642535886
4266.969518874386,0.34974346307305737,0.021612039485036004
4281.233981197582,0.3259934137650242,0.021192710613398603
4295.5461295622345,0.32964613777157237,0.020972135467424945
4309.906123382591,0.3009440705791311,0.020903220057994134
4324.314122605823,0.30008917900764354,0.021186734788696544
4338.770287713807,0.35331563878732797,0.020935937708981132
4353.274779724901,0.2983861754276832,0.020636757880565536
4367.827760195754,0.3945187362252349,0.020854216846126785
4382.429391223097,0.3500251439961357,0.02096265287031596
4397.079835445547,0.39622546106247436,0.020678177149563864
4411.779256045427,0.3586547899539597,0.02064401886632547
4426.527816750571,0.36170711408573486,0.02050924974713761
4441.32568183616,0.3444916052968741,0.02020123187025159
4456.17301612654,0.4172029933683983,0.020669933155799063
4471.06998499707,0.4948093810881687,0.0209699002167408
4486.01675437596,0.4808203744164879,0.021058600743202534
4501.013490746111,0.4782430883962336,0.021011983909282782
4516.060361146975,0.46832838391854437,0.02093911717522606
4531.157533176423,0.49965531628196075,0.021015441093488792
4546.3051749926035,0.48104629182428044,0.020753177570699985
4561.503455315809,0.46580926847258575,0.0207846792425826
4576.752543430374,0.48785445774332903,0.02085040176319509
4592.052609186547,0.49241807714,0.020987998042904323
4607.403823002376,0.4616059734876956,0.021135926549761506
4622.8063558656295,0.43262884392958295,0.020978780311316676
4638.260379335682,0.38229288538976747,0.0210490854149131
4653.766065545426,0.36279054897037527,0.021750024580456256
4669.323587203196,0.32996666820313053,0.02256387752961469
4684.933117594696,0.3481088229328387,0.023745291597400537
4700.594830584916,0.3651954351465507,0.025250293214359072
4716.308900620076,0.3257276305879734,0.026972183316405284
4732.075502729573,0.2643064813607845,0.029502969217580274
4747.894812527928,0.3386386403570613,0.0322199906242474
4763.767006216733,0.321969244056857,0.033498717451051735
4779.692260586626,0.2887329910462674,0.03167061546223973
4795.67075301926,0.2920066511305218,0.031140856377540615
4811.702661489265,0.2763697366322516,0.03882262821224744
4827.7881645662455,0.34048033611453565,0.07011712213439353
4843.927441416762,0.17375235063382488,0.061548645526902396
4860.120671806329,0.23383718341296494,0.050506898175062556
4876.368036101411,0.20063399089277026,0.040438813836467385
4892.669715271444,0.21988738086471815,0.03416858145016764
4909.025890890844,0.31356228722925494,0.031914523656825546
4925.436745141022,0.22433525851519498,0.03144992957557935
4941.902460812428,0.27779311852534033,0.030649582919309783
4958.423221306581,0.2934647624507806,0.02917274808597128
4974.999210638101,0.24818730968507874,0.027347426139849543
4991.630613436779,0.22932900724130217,0.025622283652285874
5008.317614949616,0.2190964122669331,0.02384043646536002
5025.060401042893,0.25338072682776397,0.02233818421065902
5041.8591582042445,0.2858149155242014,0.02146567331668773
5058.71407354473,0.3350859347453318,0.020499480535199243
5075.625334800925,0.30875462158775907,0.019746293104065497
5092.593130337,0.32207983196294576,0.01894964397263783
5109.61764914683,0.334466706949763,0.01829789084623433
5126.699080856102,0.3502603776146448,0.01765218307020736
5143.837615724411,0.30284040833706016,0.01700877950117013
5161.033444647393,0.30034185928742146,0.016684438269659294
5178.286759158847,0.3350660033227899,0.016437579677857566
5195.59775143287,0.332513935650104,0.01643870502801726
5212.966614285993,0.28660812097550903,0.017828090737535017
5230.393541179339,0.22533434090012439,0.017318517993957838
5247.878726220767,0.23538364616917748,0.01428936089744557
5265.4223641670305,0.17919503185096924,0.013869711377792023
5283.024650425963,0.22070775992469027,0.013761219300931564
5300.685781058646,0.21541955798636908,0.013584080368485161
5318.405952781588,0.21512708564078448,0.01313906389664031
5336.185362968923,0.2328300576144937,0.012794607038071776
5354.024209654601,0.2234222398226345,0.012410503386240192
5371.922691534604,0.21189001807314745,0.012042636393997282
5389.88100796915,0.24190670473304757,0.011759676496503587
5407.899358984922,0.1892076991337927,0.011393574939395698
5425.977945277293,0.20380572818275178,0.011080111684856614
5444.116968212549,0.18203562723121122,0.010902355661347002
5462.316629830153,0.19408969350512914,0.010807959083984336
5480.577132844979,0.1978491730299953,0.010906584029921772
5498.89868064958,0.23613776242801893,0.011374649732781501
5517.28147731645,0.24368756069942055,0.011295304359067044
5535.725727600293,0.2954625941075135,0.010721776624087187
5554.23163694031,0.26511634917276117,0.010438585283115644
5572.79941146248,0.25119190998343754,0.010302718311299336
5591.429257981867,0.2550537119168509,0.010055462392926907
5610.121384004915,0.27620610543778135,0.009849619395238565
5628.875997731756,0.2635162117541785,0.009734092305091105
5647.69330805854,0.27019698812724413,0.009540550438028032
5666.573524579752,0.2613981399035188,0.009389442020380586
5685.516857590555,0.2493326646754142,0.009198036942185243
5704.523518089128,0.24197543777412622,0.009002131532137017
5723.593717779009,0.2319357556947606,0.008758120019138185
5742.727669071467,0.19255473116491756,0.008469494731722016
5761.925585087854,0.19096711146384426,0.008314825613136706
5781.187679661996,0.18874545533947334,0.008174869630660879
5800.5141673425605,0.21093070771150788,0.008197154014667404
5819.905263395445,0.23381577380230148,0.00831540728455313
5839.361183806187,0.23459117997829698,0.008220876123220089
5858.882145282354,0.22156910068028168,0.008011503595806059
5878.468365255977,0.22203281184598694,0.00846713215787372
5898.12006188596,0.23953149854813927,0.008631371956914628
5917.837454060502,0.23272515865639026,0.00792836282339826
5937.620761399551,0.2513563513085321,0.00777663359873207
5957.470204257241,0.2499050151410653,0.007698888575083449
5977.386003724353,0.22863633241321402,0.007316934446662908
5997.368381630775,0.21187866895815693,0.007119136506720691
6017.417560547961,0.23323122287970327,0.00705141411864371
6037.533763791432,0.2043575012877898,0.0069662338858755635
6057.717215423248,0.1539622401950701,0.0067167864568240775
6077.968140254503,0.11155774812875535,0.006455545180857614
6098.286763847838,0.08338008609724942,0.0062550675208874265
6118.673312519953,0.079159028825465,0.006101639904414094
6139.128013344114,0.08043476952069653,0.00604432201112039
6159.651094152697,0.09467924582851012,0.006031309004133429
6180.242783539723,0.1269586605826305,0.006008559084497964
6200.903310863401,0.13709287715266327,0.005967364428069177
6221.632906248681,0.1604461343108239,0.00602793061789233
6242.431800589825,0.17616575726447273,0.006043128347425296
6263.300225552964,0.19041113896543677,0.006015245614862006
6284.238413578695,0.20826327001843056,0.006008001718957948
6305.246597884667,0.20928271319344569,0.005989929452894831
6326.325012468166,0.2087735881551226,0.0058891762064822726
6347.4738921087355,0.20603305339085543,0.005859145034888358
6368.693472370778,0.21015214635001978,0.005864593014299328
6389.9839896061985,0.20805336981130584,0.005871138153152504
6411.345680957023,0.18933671032808197,0.006091094856437544
6432.7787843580345,0.19065984522052284,0.006253994691374621
6454.283538539437,0.17921944905808193,0.005937425766013641
6475.860183029508,0.17559747015354954,0.005719165198048256
6497.508958157264,0.16857002198650767,0.00559856560400155
6519.230105055148,0.16646203770589774,0.005542176061788566
6541.023865661702,0.1623925275549843,0.005477619575520939
6562.890482724266,0.1587542401140498,0.00540357571431545
6584.830199801685,0.13946618197529542,0.00524758928516395
6606.843261267024,0.13808669924782518,0.005146635383238805
6628.929912310285,0.13508593067738214,0.005078614000753139
6651.0903989411345,0.13204610507243436,0.005040469492932947
6673.324967991654,0.13788830901415233,0.005030948991549182
6695.633867119077,0.12889511241364893,0.004998933675738469
6718.017344808559,0.12056548098956611,0.0049866386400825415
6740.475650375945,0.12009948243213422,0.004904018814483588
6763.009033970533,0.118178215933809,0.005269130992663793
6785.617746577873,0.11545467113860572,0.005434680748972984
6808.302040022556,0.11230062517903339,0.005295617380782885
6831.062166971027,0.09529049348990519,0.005198372507320251
6853.898380934393,0.10382024163466122,0.00519155403349522
6876.81093627124,0.10675548316607777,0.005149311969036062
6899.8000881904845,0.10333249698724427,0.004996201199380313
6922.866092754194,0.10906842594847588,0.00484033284972347
6946.0092068804615,0.091504061981757,0.004737210963614654
6969.229688346255,0.10671780790433359,0.004680794152181729
6992.52779579028,0.09493624998358864,0.004749358012436808
7015.903788715879,0.10046788208082272,0.0046824002107760465
7039.357927493908,0.10036278692059444,0.004721456692121069
7062.890473365647,0.09710118970552356,0.004660208060931035
7086.501688445705,0.08719290866506502,0.004937028784667121
7110.191835724931,0.08796911215744402,0.007149638645322606
7133.961179073358,0.07939847422421537,0.007119057842303231
7157.809983243131,0.08447777596618594,0.005672241257473085
7181.738513871466,0.0939877071752014,0.004728125552993786
7205.747037483605,0.09115522621882709,0.004957388225583405
7229.835821495773,0.09692187762413725,0.005147963781863592
7254.005134218174,0.08575621753586751,0.005040279848239376
7278.255244857964,0.08463853147037743,0.004965093536748038
7302.586423522268,0.08817411065404729,0.005155326011344675
7326.998941221176,0.07488915961686882,0.005083684434128434
7351.493069870756,0.08150071227375208,0.005193418704004124
7376.069082296098,0.07742317149861981,0.005041536720312488
7400.727252234339,0.06575204785542488,0.005145054529447583
7425.467854337722,0.07266034694281606,0.004883716305980336
7450.291164176657,0.06322648291842536,0.004879792202205961
7475.197458242774,0.04254559649848107,0.004942018604176518
7500.187013952019,0.053381296063497216,0.004810287886929764
7525.260109647734,0.054995801499333793,0.004665911269873671
7550.4170246037675,0.06142845287094034,0.0045095522666786314
7575.658039027581,0.05251043915739187,0.004484714090365875
7600.9834340633615,0.06556945877414284,0.0045090004577644826
7626.393491795165,0.07013033832898587,0.004575293896829836
7651.888495250046,0.07757891126229713,0.0046201458454119045
7677.468728401224,0.05824265375003371,0.004572340562450432
7703.134476171246,0.07487838169681993,0.004573752752213582
7728.886024435141,0.07005209864581191,0.0046960011037917885
7754.723660023623,0.07652516010864704,0.005356035638620702
7780.6476707262755,0.0741074387180235,0.004989773303509185
7806.658345294771,0.07511894503794003,0.005429306648227866
7832.755973446074,0.08418807082760804,0.005128963438697771
7858.940845865665,0.07987938944616674,0.005343374015513151
7885.213254210794,0.07345349055065079,0.005368377723170184
7911.573491113709,0.06977403565329142,0.005189679304780817
7938.021850184939,0.0688231895012559,0.004953178195486666
7964.558626016547,0.0685742226727574,0.00472032722750229
7991.184114185413,0.06324640168600232,0.004608656930635216
8017.898611256533,0.05811202067818544,0.00452234091085779
8044.702414786312,0.06609411317053715,0.004695970799886522
8071.595823325894,0.05995473222481432,0.005495911388035497
8098.57913642448,0.06890758813446998,0.005733170583182347
8125.652654632648,0.0513621382522855,0.005009191452894727
8152.81667950573,0.03448557997979779,0.00438651986579659
8180.07151360715,0.03814441288155605,0.004801664836761875
8207.417460511802,0.024698502017971694,0.005707140540179452
8234.854824809423,0.029214546680645388,0.0050502829631268046
8262.383912108004,0.04070219039798715,0.005845466075920504
8290.005029037178,0.03242961864961008,0.005072230356105962
8317.718483251632,0.024489642701861703,0.0055099508597893435
8345.524583434553,0.05637675955123443,0.005679254790114565
8373.42363930105,0.04001929092660156,0.005352839414202303
8401.415961601604,0.051242934355334745,0.005349829417047313
8429.501862125539,0.05156417744773414,0.00525827331049416
8457.681653704487,0.07032179181728276,0.005106710550014029
8485.955650215876,0.06274277460016434,0.005007730879160153
8514.324166586423,0.06846849310209879,0.005060502149522721
8542.787518795645,0.06522328629720407,0.005026652067174845
8571.346023945849,0.06501110644538084,0.00514496854570363
8600.000000000004,0.0666539858564289,0.00506566408698998
