wave,flux,sigma
3300.0000000000005,0.0036257041289648453,0.01643497501686612
3311.0318870238752,-0.004344479098033004,0.015812328951788343
3322.1006535769357,-0.009553197802614972,0.01575465353483954
3333.2064229988164,-0.01917706781420222,0.016152438705073508
3344.349318964206,0.0004392507210301277,0.01636697312918635
3355.52946558699,0.039876803177600215,0.01606549859942405
3366.7469873959726,0.028887958390151985,0.015322960830180676
3378.0020093362546,0.01764193439162416,0.014535558175073541
3389.2946567706267,0.011275603714971667,0.014391596489257577
3400.6250554809667,0.004624568238465118,0.01437192826737497
3411.9933316696415,-0.015669086912477787,0.014259067481815163
3423.3996119609133,0.017215455991080195,0.014463110132868362
3434.844023402349,0.02640531218852124,0.014235881974716917
3446.3266934662315,0.0035010153893851176,0.013342245286228207
3457.847750050986,0.004951505434722824,0.012847168222337833
3469.4073214825994,0.013555774050104696,0.012959755148091312
3481.0055365160556,0.01930353123874503,0.013052857145910143
3492.6425243367635,0.02295013767365809,0.012902812147736092
3504.318414561997,0.030955815253467408,0.012582906488070663
3516.033337242342,0.012903508847497337,0.012351706440474527
3527.7874228631417,0.03156069042291036,0.012117151425071734
3539.5808023459526,0.0398075477299239,0.012053924053130306
3551.4136070500026,0.04600611638910264,0.012039216810053618
3563.28596877365,0.050088301303214386,0.011897531146374617
3575.198019755855,0.037953794220039895,0.011563205057029098
3587.149892677652,0.013341142800932453,0.011280818308380089
3599.1417206636297,0.0452377531438114,0.011081902146539334
3611.173637283412,0.01836201118054992,0.010996845215459202
3623.2457765531435,0.017998157821741516,0.010884165746368683
3635.3582729369846,0.02930536455426692,0.010829108966826467
3647.511261348607,0.03134101650181127,0.01064861683690472
3659.7048771527016,0.05506777679969972,0.01042977874870688
3671.9392561664827,0.04378718684378752,0.010424069682804734
3684.2145346612006,0.05599852666167587,0.010278910380151477
3696.5308493636576,0.07209633466082896,0.010125242802793364
3708.8883374577335,0.06997633454420261,0.01013064020907519
3721.2871365859164,0.057030078465175625,0.010268596213267289
3733.7273848508326,0.050738879801078635,0.010266005498904914
3746.2092208167815,0.029788103822753008,0.010244730542523312
3758.7327835112833,0.024763570543700243,0.010382082957957749
3771.298212426627,0.01945582733098762,0.010023361227062558
3783.9056475214256,0.021199628182333077,0.009470356944030396
3796.555229222173,0.019831958098062524,0.009242003053355421
3809.247098424805,0.004994934397006379,0.009161378982918748
3821.981396496276,0.03899851076236426,0.009105654322387993
3834.758265276125,0.02436703492153578,0.009546835712945767
3847.577847078064,0.05526571573583704,0.009729212445031287
3860.4402846915605,0.06597399420054573,0.009664707399360905
3873.3457213834213,0.08421564115176051,0.009469468404805361
3886.294300899397,0.08128091013220304,0.00919671413464243
3899.2861674657775,0.05742700010877187,0.008971578013874706
3912.3214657910025,0.07709503519583327,0.008962435015721004
3925.4003410672735,0.09073901411118035,0.008827318760547008
3938.5229389721653,0.06523622874928131,0.008722862510060592
3951.689405670252,0.09728665390104069,0.00869314962787277
3964.8998878147377,0.09744530312831134,0.008633726437268981
3978.154532549086,0.09139686766665522,0.008590322199156656
3991.453487508664,0.10125116923027011,0.008442639099194156
4004.796900822377,0.08776917241223146,0.008513987292236664
4018.18492111433,0.10182604452261819,0.008401958569948737
4031.617697505474,0.08619735155320528,0.008171258929605432
4045.0953796152735,0.09120335225598096,0.007940117620828153
4058.618117563371,0.09211193641349869,0.00803773106284512
4072.1860619712556,0.06688227256347605,0.008116378367589733
4085.799363963945,0.08434417298720998,0.007924057682354062
4099.458175171663,0.07896194759886324,0.007889630911638865
4113.162647731542,0.081865605450827,0.007856214707434384
4126.912934289301,0.056415038129058216,0.007794794897386031
4140.709188000954,0.0711186287512225,0.007790299914256039
4154.551562534517,0.054160735200116335,0.007894687660241578
4168.440212071713,0.07338306627979546,0.007936681826727599
4182.3752913097,0.06691612638776182,0.007925101869272798
4196.356955462785,0.06888846144090775,0.007863063689790926
4210.385360264156,0.06983751190678503,0.007816457231614815
4224.460661967617,0.06645315138396009,0.007737837539523893
4238.583017349324,0.058788570225241116,0.007582045211527034
4252.752583709542,0.07101790511379857,0.0074845238243068475
4266.969518874386,0.07384275215505784,0.007456394354145829
4281.233981197582,0.0781199962627862,0.0073944242374016644
4295.5461295622345,0.07394572312827463,0.007393783798195252
4309.906123382591,0.08928455457268814,0.007424836600945234
4324.314122605823,0.05717907560613811,0.007365461345332972
4338.770287713807,0.06643296126214715,0.007251824368964937
4353.274779724901,0.06679823111127497,0.007154548814809551
4367.827760195754,0.05676999606193399,0.007117553568240481
4382.429391223097,0.059232707299889956,0.007124179474318276
4397.079835445547,0.04597748467019845,0.006937094611355686
4411.779256045427,0.030821933730707282,0.006774187709388092
4426.527816750571,0.03472097082398233,0.006791545010747847
4441.32568183616,0.0471191296812077,0.006740147971306288
4456.17301612654,0.03702169112207153,0.0067269779130078155
4471.06998499707,0.0396499607158496,0.006724682683750614
4486.01675437596,0.043781079632809826,0.006817261185117961
4501.013490746111,0.05713737315587182,0.006896429518833781
4516.060361146975,0.07340016609990124,0.006962924609204709
4531.157533176423,0.08318957681538292,0.007024688445031767
4546.3051749926035,0.0876327986898506,0.007100262002491919
4561.503455315809,0.1216666133551923,0.007206467596516973
4576.752543430374,0.13405689273242255,0.00726645032572334
4592.052609186547,0.15350651078419542,0.007461768197748109
4607.403823002376,0.13522166912725575,0.0076347425989421475
4622.8063558656295,0.12635998534326948,0.0077040548724304206
4638.260379335682,0.1429614938643809,0.007892513520641516
4653.766065545426,0.1315292986983453,0.00833500635851493
4669.323587203196,0.12067503662198677,0.008735914535892396
4684.933117594696,0.09113083112288278,0.009052130304453137
4700.594830584916,0.07481379180400606,0.009586858090623495
4716.308900620076,0.07705400331158159,0.010264614878395112
4732.075502729573,0.054389917492835345,0.010801453718557157
4747.894812527928,0.04694238722721618,0.011097538994109679
4763.767006216733,0.06450870790828847,0.011115718976697345
4779.692260586626,0.06403777664092361,0.010985699362236988
4795.67075301926,0.05980106589231922,0.010539083927607157
4811.702661489265,0.08878479186048459,0.0101807586039493
4827.7881645662455,0.0930797058964998,0.010668685558665137
4843.927441416762,0.08943258420318947,0.012651784139985477
4860.120671806329,0.08332792545644324,0.014631694596403162
4876.368036101411,0.0746207366914114,0.012074414856181067
4892.669715271444,0.09495984890181214,0.011069389082937362
4909.025890890844,0.11994605140387121,0.010926841119243266
4925.436745141022,0.12792200030260725,0.010897347836154394
4941.902460812428,0.1305385582390166,0.010505706876669952
4958.423221306581,0.12635441115831744,0.009686508021260545
4974.999210638101,0.10547677783718874,0.008964631491576955
4991.630613436779,0.08537741859550901,0.00839874444424648
5008.317614949616,0.092580350944683,0.007780981574330039
5025.060401042893,0.05747132544533268,0.007347262744613248
5041.8591582042445,0.06317275424928119,0.007049719341522261
5058.71407354473,0.0766720454314869,0.006717720547102128
5075.625334800925,0.056505413387594676,0.006392067930760559
5092.593130337,0.05851952574451505,0.006115139634518364
5109.61764914683,0.06030689388935154,0.005917493757278053
5126.699080856102,0.07135810702266185,0.005756380379782183
5143.837615724411,0.06296364211846817,0.0055751554318521895
5161.033444647393,0.06542061704826888,0.005517165155563856
5178.286759158847,0.07715787349660566,0.00543390615108665
5195.59775143287,0.07587808560172904,0.005287909258200347
5212.966614285993,0.0832768778014053,0.005291559589415842
5230.393541179339,0.08507085835721706,0.0060102108878586965
5247.878726220767,0.10460601357321186,0.006498679091050558
5265.4223641670305,0.10610420889255574,0.006172191674378036
5283.024650425963,0.10786897670010043,0.004964585581820908
5300.685781058646,0.11903783717608303,0.0048909464470603846
5318.405952781588,0.11269219335573576,0.0047390926372257395
5336.185362968923,0.10799538590677286,0.004552756118087951
5354.024209654601,0.09815158152006048,0.004402940224659351
5371.922691534604,0.10668516137130299,0.0043006323891918745
5389.88100796915,0.11031453369801243,0.004271907283380133
5407.899358984922,0.1277822214110438,0.004242835059124775
5425.977945277293,0.1375273301072173,0.004224199377394028
5444.116968212549,0.13903275344066685,0.004197879993282828
5462.316629830153,0.14199673240844649,0.004194357407057063
5480.577132844979,0.154733580417336,0.00420498171880266
5498.89868064958,0.15164098740515164,0.0041638926808992074
5517.28147731645,0.14499731110997427,0.004076744734027025
5535.725727600293,0.13854349442992653,0.004130132007423015
5554.23163694031,0.1336726476373002,0.00406162323897315
5572.79941146248,0.11739339598538782,0.0038492766160006433
5591.429257981867,0.12349101867854557,0.003734922443122403
5610.121384004915,0.113469006540043,0.0036144898905604655
5628.875997731756,0.09541731641555723,0.0034903535154288106
5647.69330805854,0.09426125813437983,0.00336076971026817
5666.573524579752,0.07934657578768564,0.003285911670317202
5685.516857590555,0.07878290721836945,0.00318834360592197
5704.523518089128,0.06837623844644883,0.003098155747899987
5723.593717779009,0.06863336861364755,0.0030453152690674418
5742.727669071467,0.07700757576161321,0.0029988104260987324
5761.925585087854,0.07895092188799446,0.0030313566197819664
5781.187679661996,0.0927971884786207,0.003038229113157071
5800.5141673425605,0.09584998592960395,0.0030494113137506523
5819.905263395445,0.10737777289316879,0.003075285172674116
5839.361183806187,0.11541754564400578,0.0030495618404659097
5858.882145282354,0.12630351603284953,0.0030697518596635083
5878.468365255977,0.12763210139607112,0.0030794845205236216
5898.12006188596,0.11457236716374819,0.003031591530332391
5917.837454060502,0.1153416442336065,0.00315923875852048
5937.620761399551,0.09493230454990846,0.0030498524499288954
5957.470204257241,0.0773858528464913,0.0027052662686003768
5977.386003724353,0.07541822886736502,0.0026950007302633657
5997.368381630775,0.07193372700638596,0.0026685229647908006
6017.417560547961,0.07417890963710447,0.002560588575809823
6037.533763791432,0.08053488666569515,0.002536870690906253
6057.717215423248,0.07213347773099568,0.0025182524924554244
6077.968140254503,0.07235728390355507,0.0025215563542743706
6098.286763847838,0.06728399294976688,0.002469579410717096
6118.673312519953,0.05458387979466727,0.002356373811342635
6139.128013344114,0.04611313647237417,0.002287873584428539
6159.651094152697,0.04553418462476809,0.002290641295719839
6180.242783539723,0.047365085438037545,0.002272344323214107
6200.903310863401,0.0493423405740905,0.002234820674858871
6221.632906248681,0.05925956155408833,0.002239984979634353
6242.431800589825,0.0706610511081216,0.0022320760025943995
6263.300225552964,0.070622380130673,0.0022086023627221757
6284.238413578695,0.07499323692733272,0.0022051036453060143
6305.246597884667,0.08226557170069466,0.0022152439210952977
6326.325012468166,0.08931741063083037,0.0022385348392444707
6347.4738921087355,0.10179062051299825,0.0022741060162351193
6368.693472370778,0.1059492723219229,0.0022809197130709857
6389.9839896061985,0.11320036688374166,0.002267936357190245
6411.345680957023,0.11801443735595626,0.0023314479646057446
6432.7787843580345,0.11275075150194248,0.0023651057788402576
6454.283538539437,0.11419148803925694,0.002422077578422249
6475.860183029508,0.11164123260395653,0.002474768084150429
6497.508958157264,0.11727271547317243,0.0023975192308614704
6519.230105055148,0.11347497643096091,0.002340931920304532
6541.023865661702,0.11237733916075555,0.002282791117344627
6562.890482724266,0.10911026119678621,0.002252237294800473
6584.830199801685,0.09662203184711718,0.0021535907822904745
6606.843261267024,0.09065253873751232,0.002049246000555082
6628.929912310285,0.07537450625097407,0.001991307103693896
6651.0903989411345,0.06760278092261235,0.0019688838599202785
6673.324967991654,0.06410218244112342,0.0019239836722529072
6695.633867119077,0.0583732627467276,0.0018695535586369725
6718.017344808559,0.06124428568759162,0.0018807761512222398
6740.475650375945,0.054270942721428975,0.0018657363210642347
6763.009033970533,0.052576133404386924,0.0018462224615561965
6785.617746577873,0.049094069974674505,0.0018106283196450414
6808.302040022556,0.05049301272603249,0.0020263011911189972
6831.062166971027,0.047213204043257656,0.0021486455702926523
6853.898380934393,0.04891695689347406,0.0020937682220540654
6876.81093627124,0.047655928850535184,0.0020261217593712795
6899.8000881904845,0.048971883211546864,0.002071830229344318
6922.866092754194,0.049442380273040584,0.002045011848964877
6946.0092068804615,0.04552554903072808,0.0019485379794959756
6969.229688346255,0.04568840816255769,0.001851892338358226
6992.52779579028,0.05126164875044256,0.0018106718876432547
7015.903788715879,0.04634698267313213,0.0018025136889959453
7039.357927493908,0.04641283290990344,0.001807228874387634
7062.890473365647,0.038928860050441834,0.0017846763510321602
7086.501688445705,0.04174769176838063,0.0018355744791830337
7110.191835724931,0.04421029111425656,0.0017856507502734072
7133.961179073358,0.04897554782926038,0.002069178159239057
7157.809983243131,0.056399886928110946,0.0027586497882555903
7181.738513871466,0.05474365797589192,0.0025454742378624886
7205.747037483605,0.05325876336713342,0.0020821098391993267
7229.835821495773,0.05477658179192776,0.0018229523917022764
7254.005134218174,0.05031371001088955,0.0020581772003714287
7278.255244857964,0.04903631372142904,0.002159448060116825
7302.586423522268,0.05602736384375989,0.0020848199573564306
7326.998941221176,0.054537783118574275,0.002012994043974019
7351.493069870756,0.05327342405280098,0.002101980138110492
7376.069082296098,0.05724788525188255,0.002166798196155149
7400.727252234339,0.058597445770134364,0.0022373837369714217
7425.467854337722,0.06275858068900789,0.002129552560577685
7450.291164176657,0.049718871063055156,0.00218424076969334
7475.197458242774,0.044974032383189394,0.0019851506809126897
7500.187013952019,0.042647390322692096,0.0020431047959093766
7525.260109647734,0.03575795330343102,0.002017473577719295
7550.4170246037675,0.043138984952080434,0.0019322283675472641
7575.658039027581,0.041998352313047715,0.0018598459995905331
7600.9834340633615,0.0447583442730141,0.001811597580426469
7626.393491795165,0.04927967647092835,0.0017821382425290849
7651.888495250046,0.050429812689603365,0.0017834904211000975
7677.468728401224,0.05272212858270636,0.0018283810797607143
7703.134476171246,0.05161508020989583,0.001798350883628446
7728.886024435141,0.047621537417984514,0.0017681145178857554
7754.723660023623,0.04935647464494826,0.001753465499640427
7780.6476707262755,0.04235095360606971,0.0019350835868388084
7806.658345294771,0.04564716535729002,0.0022538489375269165
7832.755973446074,0.044353361893072776,0.0020716716768622895
7858.940845865665,0.033374510854085104,0.0022933514139720137
7885.213254210794,0.039852247267367524,0.002091328828754578
7911.573491113709,0.034536951583653205,0.002242109992849121
7938.021850184939,0.0350502320335792,0.0022042053545935068
7964.558626016547,0.03443518303471847,0.002021418030592614
7991.184114185413,0.032467585614946844,0.0019040749957451824
8017.898611256533,0.029779472916540723,0.0017856358705602088
8044.702414786312,0.03081564501701531,0.0017096555954014127
8071.595823325894,0.030489639965534058,0.001668975806288806
8098.57913642448,0.02360793212087716,0.0018989240756152861
8125.652654632648,0.03456437428337154,0.0023480996483880314
8152.81667950573,0.02522302225546418,0.002324654618869842
8180.07151360715,0.022011520931519923,0.0018687169873490138
8207.417460511802,0.013795816954238552,0.001570517698227451
8234.854824809423,0.006397008457674586,0.0020114236396102715
8262.383912108004,0.0064680740605254665,0.0023784890497022954
8290.005029037178,0.01306978130456728,0.002139768508324614
8317.718483251632,0.013245133607678403,0.002399971045157519
8345.524583434553,0.016940541687133222,0.0021352100444740735
8373.42363930105,0.022288044736718565,0.0023703717101862644
8401.415961601604,0.019957460709219277,0.002326447569580217
8429.501862125539,0.023296378191507837,0.0021987114459807162
8457.681653704487,0.029188497403665796,0.0021318315237326365
8485.955650215876,0.04764621724040032,0.0020728721006527317
8514.324166586423,0.04683066380848566,0.002012419175883687
8542.787518795645,0.0467818113991397,0.0019658129286654817
8571.346023945849,0.0464799883223022,0.001954560110631575
8600.000000000004,0.05075265088840836,0.001968699019543263
